0.000	55	dzz	0	56	dzz	0						
5000.000	55	dzz	-0.0000135	56	dzz	-0.0000135						
10000.000	55	dzz	-0.000027	56	dzz	-0.000027						
15000.000	55	dzz	-0.0000405	56	dzz	-0.0000405						
20000.000	55	dzz	-0.000054	56	dzz	-0.000054						
25000.000	55	dzz	-0.0000675	56	dzz	-0.0000675						
30000.000	55	dzz	-0.000081	56	dzz	-0.000081						
35000.000	55	dzz	-0.0000945	56	dzz	-0.0000945						
40000.000	55	dzz	-0.000108	56	dzz	-0.000108						
45000.000	55	dzz	-0.0001215	56	dzz	-0.0001215						
50000.000	55	dzz	-0.000135	56	dzz	-0.000135						
55000.000	55	dzz	-0.0001485	56	dzz	-0.0001485						
60000.000	55	dzz	-0.000162	56	dzz	-0.000162						
65000.000	55	dzz	-0.0001755	56	dzz	-0.0001755						
70000.000	55	dzz	-0.000189	56	dzz	-0.000189						
75000.000	55	dzz	-0.0002025	56	dzz	-0.0002025						
80000.000	55	dzz	-0.000216	56	dzz	-0.000216						
85000.000	55	dzz	-0.0002295	56	dzz	-0.0002295						
90000.000	55	dzz	-0.000243	56	dzz	-0.000243						
95000.000	55	dzz	-0.0002565	56	dzz	-0.0002565						
100000.000	55	dzz	-0.00027	56	dzz	-0.00027						
105000.000	55	dzz	-0.0002835	56	dzz	-0.0002835						
110000.000	55	dzz	-0.000297	56	dzz	-0.000297						
115000.000	55	dzz	-0.0003105	56	dzz	-0.0003105						
120000.000	55	dzz	-0.000324	56	dzz	-0.000324						
125000.000	55	dzz	-0.0003375	56	dzz	-0.0003375						
130000.000	55	dzz	-0.000351	56	dzz	-0.000351						
135000.000	55	dzz	-0.0003645	56	dzz	-0.0003645						
140000.000	55	dzz	-0.000378	56	dzz	-0.000378						
145000.000	55	dzz	-0.0003915	56	dzz	-0.0003915						
150000.000	55	dzz	-0.000405	56	dzz	-0.000405						
155000.000	55	dzz	-0.0004185	56	dzz	-0.0004185						
160000.000	55	dzz	-0.000432	56	dzz	-0.000432						
165000.000	55	dzz	-0.0004455	56	dzz	-0.0004455						
170000.000	55	dzz	-0.000459	56	dzz	-0.000459						
175000.000	55	dzz	-0.0004725	56	dzz	-0.0004725						
180000.000	55	dzz	-0.000486	56	dzz	-0.000486						
185000.000	55	dzz	-0.0004995	56	dzz	-0.0004995						
190000.000	55	dzz	-0.000513	56	dzz	-0.000513						
195000.000	55	dzz	-0.0005265	56	dzz	-0.0005265						
200000.000	55	dzz	-0.00054	56	dzz	-0.00054						
205000.000	55	dzz	-0.0005535	56	dzz	-0.0005535						
210000.000	55	dzz	-0.000567	56	dzz	-0.000567						
215000.000	55	dzz	-0.0005805	56	dzz	-0.0005805						
220000.000	55	dzz	-0.000594	56	dzz	-0.000594						
225000.000	55	dzz	-0.0006075	56	dzz	-0.0006075						
230000.000	55	dzz	-0.000621	56	dzz	-0.000621						
235000.000	55	dzz	-0.0006345	56	dzz	-0.0006345						
240000.000	55	dzz	-0.000648	56	dzz	-0.000648						
245000.000	55	dzz	-0.0006615	56	dzz	-0.0006615						
250000.000	55	dzz	-0.000675	56	dzz	-0.000675						
255000.000	55	dzz	-0.0006885	56	dzz	-0.0006885						
260000.000	55	dzz	-0.000702	56	dzz	-0.000702						
265000.000	55	dzz	-0.0007155	56	dzz	-0.0007155						
270000.000	55	dzz	-0.000729	56	dzz	-0.000729						
275000.000	55	dzz	-0.0007425	56	dzz	-0.0007425						
280000.000	55	dzz	-0.000756	56	dzz	-0.000756						
285000.000	55	dzz	-0.0007695	56	dzz	-0.0007695						
290000.000	55	dzz	-0.000783	56	dzz	-0.000783						
295000.000	55	dzz	-0.0007965	56	dzz	-0.0007965						
300000.000	55	dzz	-0.00081	56	dzz	-0.00081						
305000.000	55	dzz	-0.0008235	56	dzz	-0.0008235						
310000.000	55	dzz	-0.000837	56	dzz	-0.000837						
315000.000	55	dzz	-0.0008505	56	dzz	-0.0008505						
320000.000	55	dzz	-0.000864	56	dzz	-0.000864						
325000.000	55	dzz	-0.0008775	56	dzz	-0.0008775						
330000.000	55	dzz	-0.000891	56	dzz	-0.000891						
335000.000	55	dzz	-0.0009045	56	dzz	-0.0009045						
340000.000	55	dzz	-0.000918	56	dzz	-0.000918						
345000.000	55	dzz	-0.0009315	56	dzz	-0.0009315						
350000.000	55	dzz	-0.000945	56	dzz	-0.000945						
355000.000	55	dzz	-0.0009585	56	dzz	-0.0009585						
360000.000	55	dzz	-0.000972	56	dzz	-0.000972						
365000.000	55	dzz	-0.0009855	56	dzz	-0.0009855						
370000.000	55	dzz	-0.000999	56	dzz	-0.000999						
375000.000	55	dzz	-0.0010125	56	dzz	-0.0010125						
380000.000	55	dzz	-0.001026	56	dzz	-0.001026						
385000.000	55	dzz	-0.0010395	56	dzz	-0.0010395						
390000.000	55	dzz	-0.001053	56	dzz	-0.001053						
395000.000	55	dzz	-0.0010665	56	dzz	-0.0010665						
400000.000	55	dzz	-0.00108	56	dzz	-0.00108						
405000.000	55	dzz	-0.0010935	56	dzz	-0.0010935						
410000.000	55	dzz	-0.001107	56	dzz	-0.001107						
415000.000	55	dzz	-0.0011205	56	dzz	-0.0011205						
420000.000	55	dzz	-0.001134	56	dzz	-0.001134						
425000.000	55	dzz	-0.0011475	56	dzz	-0.0011475						
430000.000	55	dzz	-0.001161	56	dzz	-0.001161						
435000.000	55	dzz	-0.0011745	56	dzz	-0.0011745						
440000.000	55	dzz	-0.001188	56	dzz	-0.001188						
445000.000	55	dzz	-0.0012015	56	dzz	-0.0012015						
450000.000	55	dzz	-0.001215	56	dzz	-0.001215						
455000.000	55	dzz	-0.0012285	56	dzz	-0.0012285						
460000.000	55	dzz	-0.001242	56	dzz	-0.001242						
465000.000	55	dzz	-0.0012555	56	dzz	-0.0012555						
470000.000	55	dzz	-0.001269	56	dzz	-0.001269						
475000.000	55	dzz	-0.0012825	56	dzz	-0.0012825						
480000.000	55	dzz	-0.001296	56	dzz	-0.001296						
485000.000	55	dzz	-0.0013095	56	dzz	-0.0013095						
490000.000	55	dzz	-0.001323	56	dzz	-0.001323						
495000.000	55	dzz	-0.0013365	56	dzz	-0.0013365						
500000.000	55	dzz	-0.00135	56	dzz	-0.00135						
505000.000	55	dzz	-0.0013635	56	dzz	-0.0013635						
510000.000	55	dzz	-0.001377	56	dzz	-0.001377						
515000.000	55	dzz	-0.0013905	56	dzz	-0.0013905						
520000.000	55	dzz	-0.001404	56	dzz	-0.001404						
525000.000	55	dzz	-0.0014175	56	dzz	-0.0014175						
530000.000	55	dzz	-0.001431	56	dzz	-0.001431						
535000.000	55	dzz	-0.0014445	56	dzz	-0.0014445						
540000.000	55	dzz	-0.001458	56	dzz	-0.001458						
545000.000	55	dzz	-0.0014715	56	dzz	-0.0014715						
550000.000	55	dzz	-0.001485	56	dzz	-0.001485						
555000.000	55	dzz	-0.0014985	56	dzz	-0.0014985						
560000.000	55	dzz	-0.001512	56	dzz	-0.001512						
565000.000	55	dzz	-0.0015255	56	dzz	-0.0015255						
570000.000	55	dzz	-0.001539	56	dzz	-0.001539						
575000.000	55	dzz	-0.0015525	56	dzz	-0.0015525						
580000.000	55	dzz	-0.001566	56	dzz	-0.001566						
585000.000	55	dzz	-0.0015795	56	dzz	-0.0015795						
590000.000	55	dzz	-0.001593	56	dzz	-0.001593						
595000.000	55	dzz	-0.0016065	56	dzz	-0.0016065						
600000.000	55	dzz	-0.00162	56	dzz	-0.00162						
605000.000	55	dzz	-0.0016335	56	dzz	-0.0016335						
610000.000	55	dzz	-0.001647	56	dzz	-0.001647						
615000.000	55	dzz	-0.0016605	56	dzz	-0.0016605						
620000.000	55	dzz	-0.001674	56	dzz	-0.001674						
625000.000	55	dzz	-0.0016875	56	dzz	-0.0016875						
630000.000	55	dzz	-0.001701	56	dzz	-0.001701						
635000.000	55	dzz	-0.0017145	56	dzz	-0.0017145						
640000.000	55	dzz	-0.001728	56	dzz	-0.001728						
645000.000	55	dzz	-0.0017415	56	dzz	-0.0017415						
650000.000	55	dzz	-0.001755	56	dzz	-0.001755						
655000.000	55	dzz	-0.0017685	56	dzz	-0.0017685						
660000.000	55	dzz	-0.001782	56	dzz	-0.001782						
665000.000	55	dzz	-0.0017955	56	dzz	-0.0017955						
670000.000	55	dzz	-0.001809	56	dzz	-0.001809						
675000.000	55	dzz	-0.0018225	56	dzz	-0.0018225						
680000.000	55	dzz	-0.001836	56	dzz	-0.001836						
685000.000	55	dzz	-0.0018495	56	dzz	-0.0018495						
690000.000	55	dzz	-0.001863	56	dzz	-0.001863						
695000.000	55	dzz	-0.0018765	56	dzz	-0.0018765						
700000.000	55	dzz	-0.00189	56	dzz	-0.00189						
705000.000	55	dzz	-0.0019035	56	dzz	-0.0019035						
710000.000	55	dzz	-0.001917	56	dzz	-0.001917						
715000.000	55	dzz	-0.0019305	56	dzz	-0.0019305						
720000.000	55	dzz	-0.001944	56	dzz	-0.001944						
725000.000	55	dzz	-0.0019575	56	dzz	-0.0019575						
730000.000	55	dzz	-0.001971	56	dzz	-0.001971						
735000.000	55	dzz	-0.0019845	56	dzz	-0.0019845						
740000.000	55	dzz	-0.001998	56	dzz	-0.001998						
745000.000	55	dzz	-0.0020115	56	dzz	-0.0020115						
750000.000	55	dzz	-0.002025	56	dzz	-0.002025						
755000.000	55	dzz	-0.0020385	56	dzz	-0.0020385						
760000.000	55	dzz	-0.002052	56	dzz	-0.002052						
765000.000	55	dzz	-0.0020655	56	dzz	-0.0020655						
770000.000	55	dzz	-0.002079	56	dzz	-0.002079						
775000.000	55	dzz	-0.0020925	56	dzz	-0.0020925						
780000.000	55	dzz	-0.002106	56	dzz	-0.002106						
785000.000	55	dzz	-0.0021195	56	dzz	-0.0021195						
790000.000	55	dzz	-0.002133	56	dzz	-0.002133						
795000.000	55	dzz	-0.0021465	56	dzz	-0.0021465						
800000.000	55	dzz	-0.00216	56	dzz	-0.00216						
805000.000	55	dzz	-0.0021735	56	dzz	-0.0021735						
810000.000	55	dzz	-0.002187	56	dzz	-0.002187						
815000.000	55	dzz	-0.0022005	56	dzz	-0.0022005						
820000.000	55	dzz	-0.002214	56	dzz	-0.002214						
825000.000	55	dzz	-0.0022275	56	dzz	-0.0022275						
830000.000	55	dzz	-0.002241	56	dzz	-0.002241						
835000.000	55	dzz	-0.0022545	56	dzz	-0.0022545						
840000.000	55	dzz	-0.002268	56	dzz	-0.002268						
845000.000	55	dzz	-0.0022815	56	dzz	-0.0022815						
850000.000	55	dzz	-0.002295	56	dzz	-0.002295						
855000.000	55	dzz	-0.0023085	56	dzz	-0.0023085						
860000.000	55	dzz	-0.002322	56	dzz	-0.002322						
865000.000	55	dzz	-0.0023355	56	dzz	-0.0023355						
870000.000	55	dzz	-0.002349	56	dzz	-0.002349						
875000.000	55	dzz	-0.0023625	56	dzz	-0.0023625						
880000.000	55	dzz	-0.002376	56	dzz	-0.002376						
885000.000	55	dzz	-0.0023895	56	dzz	-0.0023895						
890000.000	55	dzz	-0.002403	56	dzz	-0.002403						
895000.000	55	dzz	-0.0024165	56	dzz	-0.0024165						
900000.000	55	dzz	-0.00243	56	dzz	-0.00243						
905000.000	55	dzz	-0.0024435	56	dzz	-0.0024435						
910000.000	55	dzz	-0.002457	56	dzz	-0.002457						
915000.000	55	dzz	-0.0024705	56	dzz	-0.0024705						
920000.000	55	dzz	-0.002484	56	dzz	-0.002484						
925000.000	55	dzz	-0.0024975	56	dzz	-0.0024975						
930000.000	55	dzz	-0.002511	56	dzz	-0.002511						
935000.000	55	dzz	-0.0025245	56	dzz	-0.0025245						
940000.000	55	dzz	-0.002538	56	dzz	-0.002538						
945000.000	55	dzz	-0.0025515	56	dzz	-0.0025515						
950000.000	55	dzz	-0.002565	56	dzz	-0.002565						
955000.000	55	dzz	-0.0025785	56	dzz	-0.0025785						
960000.000	55	dzz	-0.002592	56	dzz	-0.002592						
965000.000	55	dzz	-0.0026055	56	dzz	-0.0026055						
970000.000	55	dzz	-0.002619	56	dzz	-0.002619						
975000.000	55	dzz	-0.0026325	56	dzz	-0.0026325						
980000.000	55	dzz	-0.002646	56	dzz	-0.002646						
985000.000	55	dzz	-0.0026595	56	dzz	-0.0026595						
990000.000	55	dzz	-0.002673	56	dzz	-0.002673						
995000.000	55	dzz	-0.0026865	56	dzz	-0.0026865						
1000000.000	55	dzz	-0.0027	56	dzz	-0.0027						
1005000.000	55	dzz	-0.0027135	56	dzz	-0.0027135						
1010000.000	55	dzz	-0.002727	56	dzz	-0.002727						
1015000.000	55	dzz	-0.0027405	56	dzz	-0.0027405						
1020000.000	55	dzz	-0.002754	56	dzz	-0.002754						
1025000.000	55	dzz	-0.0027675	56	dzz	-0.0027675						
1030000.000	55	dzz	-0.002781	56	dzz	-0.002781						
1035000.000	55	dzz	-0.0027945	56	dzz	-0.0027945						
1040000.000	55	dzz	-0.002808	56	dzz	-0.002808						
1045000.000	55	dzz	-0.0028215	56	dzz	-0.0028215						
1050000.000	55	dzz	-0.002835	56	dzz	-0.002835						
1055000.000	55	dzz	-0.0028485	56	dzz	-0.0028485						
1060000.000	55	dzz	-0.002862	56	dzz	-0.002862						
1065000.000	55	dzz	-0.0028755	56	dzz	-0.0028755						
1070000.000	55	dzz	-0.002889	56	dzz	-0.002889						
1075000.000	55	dzz	-0.0029025	56	dzz	-0.0029025						
1080000.000	55	dzz	-0.002916	56	dzz	-0.002916						
1085000.000	55	dzz	-0.0029295	56	dzz	-0.0029295						
1090000.000	55	dzz	-0.002943	56	dzz	-0.002943						
1095000.000	55	dzz	-0.0029565	56	dzz	-0.0029565						
1100000.000	55	dzz	-0.00297	56	dzz	-0.00297						
1105000.000	55	dzz	-0.0029835	56	dzz	-0.0029835						
1110000.000	55	dzz	-0.002997	56	dzz	-0.002997						
1115000.000	55	dzz	-0.0030105	56	dzz	-0.0030105						
1120000.000	55	dzz	-0.003024	56	dzz	-0.003024						
1125000.000	55	dzz	-0.0030375	56	dzz	-0.0030375						
1130000.000	55	dzz	-0.003051	56	dzz	-0.003051						
1135000.000	55	dzz	-0.0030645	56	dzz	-0.0030645						
1140000.000	55	dzz	-0.003078	56	dzz	-0.003078						
1145000.000	55	dzz	-0.0030915	56	dzz	-0.0030915						
1150000.000	55	dzz	-0.003105	56	dzz	-0.003105						
1155000.000	55	dzz	-0.0031185	56	dzz	-0.0031185						
1160000.000	55	dzz	-0.003132	56	dzz	-0.003132						
1165000.000	55	dzz	-0.0031455	56	dzz	-0.0031455						
1170000.000	55	dzz	-0.003159	56	dzz	-0.003159						
1175000.000	55	dzz	-0.0031725	56	dzz	-0.0031725						
1180000.000	55	dzz	-0.003186	56	dzz	-0.003186						
1185000.000	55	dzz	-0.0031995	56	dzz	-0.0031995						
1190000.000	55	dzz	-0.003213	56	dzz	-0.003213						
1195000.000	55	dzz	-0.0032265	56	dzz	-0.0032265						
1200000.000	55	dzz	-0.00324	56	dzz	-0.00324						
1205000.000	55	dzz	-0.0032535	56	dzz	-0.0032535						
1210000.000	55	dzz	-0.003267	56	dzz	-0.003267						
1215000.000	55	dzz	-0.0032805	56	dzz	-0.0032805						
1220000.000	55	dzz	-0.003294	56	dzz	-0.003294						
1225000.000	55	dzz	-0.0033075	56	dzz	-0.0033075						
1230000.000	55	dzz	-0.003321	56	dzz	-0.003321						
1235000.000	55	dzz	-0.0033345	56	dzz	-0.0033345						
1240000.000	55	dzz	-0.003348	56	dzz	-0.003348						
1245000.000	55	dzz	-0.0033615	56	dzz	-0.0033615						
1250000.000	55	dzz	-0.003375	56	dzz	-0.003375						
1255000.000	55	dzz	-0.0033885	56	dzz	-0.0033885						
1260000.000	55	dzz	-0.003402	56	dzz	-0.003402						
1265000.000	55	dzz	-0.0034155	56	dzz	-0.0034155						
1270000.000	55	dzz	-0.003429	56	dzz	-0.003429						
1275000.000	55	dzz	-0.0034425	56	dzz	-0.0034425						
1280000.000	55	dzz	-0.003456	56	dzz	-0.003456						
1285000.000	55	dzz	-0.0034695	56	dzz	-0.0034695						
1290000.000	55	dzz	-0.003483	56	dzz	-0.003483						
1295000.000	55	dzz	-0.0034965	56	dzz	-0.0034965						
1300000.000	55	dzz	-0.00351	56	dzz	-0.00351						
1305000.000	55	dzz	-0.0035235	56	dzz	-0.0035235						
1310000.000	55	dzz	-0.003537	56	dzz	-0.003537						
1315000.000	55	dzz	-0.0035505	56	dzz	-0.0035505						
1320000.000	55	dzz	-0.003564	56	dzz	-0.003564						
1325000.000	55	dzz	-0.0035775	56	dzz	-0.0035775						
1330000.000	55	dzz	-0.003591	56	dzz	-0.003591						
1335000.000	55	dzz	-0.0036045	56	dzz	-0.0036045						
1340000.000	55	dzz	-0.003618	56	dzz	-0.003618						
1345000.000	55	dzz	-0.0036315	56	dzz	-0.0036315						
1350000.000	55	dzz	-0.003645	56	dzz	-0.003645						
1355000.000	55	dzz	-0.0036585	56	dzz	-0.0036585						
1360000.000	55	dzz	-0.003672	56	dzz	-0.003672						
1365000.000	55	dzz	-0.0036855	56	dzz	-0.0036855						
1370000.000	55	dzz	-0.003699	56	dzz	-0.003699						
1375000.000	55	dzz	-0.0037125	56	dzz	-0.0037125						
1380000.000	55	dzz	-0.003726	56	dzz	-0.003726						
1385000.000	55	dzz	-0.0037395	56	dzz	-0.0037395						
1390000.000	55	dzz	-0.003753	56	dzz	-0.003753						
1395000.000	55	dzz	-0.0037665	56	dzz	-0.0037665						
1400000.000	55	dzz	-0.00378	56	dzz	-0.00378						
1405000.000	55	dzz	-0.0037935	56	dzz	-0.0037935						
1410000.000	55	dzz	-0.003807	56	dzz	-0.003807						
1415000.000	55	dzz	-0.0038205	56	dzz	-0.0038205						
1420000.000	55	dzz	-0.003834	56	dzz	-0.003834						
1425000.000	55	dzz	-0.0038475	56	dzz	-0.0038475						
1430000.000	55	dzz	-0.003861	56	dzz	-0.003861						
1435000.000	55	dzz	-0.0038745	56	dzz	-0.0038745						
1440000.000	55	dzz	-0.003888	56	dzz	-0.003888						
1445000.000	55	dzz	-0.0039015	56	dzz	-0.0039015						
1450000.000	55	dzz	-0.003915	56	dzz	-0.003915						
1455000.000	55	dzz	-0.0039285	56	dzz	-0.0039285						
1460000.000	55	dzz	-0.003942	56	dzz	-0.003942						
1465000.000	55	dzz	-0.0039555	56	dzz	-0.0039555						
1470000.000	55	dzz	-0.003969	56	dzz	-0.003969						
1475000.000	55	dzz	-0.0039825	56	dzz	-0.0039825						
1480000.000	55	dzz	-0.003996	56	dzz	-0.003996						
1485000.000	55	dzz	-0.0040095	56	dzz	-0.0040095						
1490000.000	55	dzz	-0.004023	56	dzz	-0.004023						
1495000.000	55	dzz	-0.0040365	56	dzz	-0.0040365						
1500000.000	55	dzz	-0.00405	56	dzz	-0.00405						
1505000.000	55	dzz	-0.0040635	56	dzz	-0.0040635						
1510000.000	55	dzz	-0.004077	56	dzz	-0.004077						
1515000.000	55	dzz	-0.0040905	56	dzz	-0.0040905						
1520000.000	55	dzz	-0.004104	56	dzz	-0.004104						
1525000.000	55	dzz	-0.0041175	56	dzz	-0.0041175						
1530000.000	55	dzz	-0.004131	56	dzz	-0.004131						
1535000.000	55	dzz	-0.0041445	56	dzz	-0.0041445						
1540000.000	55	dzz	-0.004158	56	dzz	-0.004158						
1545000.000	55	dzz	-0.0041715	56	dzz	-0.0041715						
1550000.000	55	dzz	-0.004185	56	dzz	-0.004185						
1555000.000	55	dzz	-0.0041985	56	dzz	-0.0041985						
1560000.000	55	dzz	-0.004212	56	dzz	-0.004212						
1565000.000	55	dzz	-0.0042255	56	dzz	-0.0042255						
1570000.000	55	dzz	-0.004239	56	dzz	-0.004239						
1575000.000	55	dzz	-0.0042525	56	dzz	-0.0042525						
1580000.000	55	dzz	-0.004266	56	dzz	-0.004266						
1585000.000	55	dzz	-0.0042795	56	dzz	-0.0042795						
1590000.000	55	dzz	-0.004293	56	dzz	-0.004293						
1595000.000	55	dzz	-0.0043065	56	dzz	-0.0043065						
1600000.000	55	dzz	-0.00432	56	dzz	-0.00432						
1605000.000	55	dzz	-0.0043335	56	dzz	-0.0043335						
1610000.000	55	dzz	-0.004347	56	dzz	-0.004347						
1615000.000	55	dzz	-0.0043605	56	dzz	-0.0043605						
1620000.000	55	dzz	-0.004374	56	dzz	-0.004374						
1625000.000	55	dzz	-0.0043875	56	dzz	-0.0043875						
1630000.000	55	dzz	-0.004401	56	dzz	-0.004401						
1635000.000	55	dzz	-0.0044145	56	dzz	-0.0044145						
1640000.000	55	dzz	-0.004428	56	dzz	-0.004428						
1645000.000	55	dzz	-0.0044415	56	dzz	-0.0044415						
1650000.000	55	dzz	-0.004455	56	dzz	-0.004455						
1655000.000	55	dzz	-0.0044685	56	dzz	-0.0044685						
1660000.000	55	dzz	-0.004482	56	dzz	-0.004482						
1665000.000	55	dzz	-0.0044955	56	dzz	-0.0044955						
1670000.000	55	dzz	-0.004509	56	dzz	-0.004509						
1675000.000	55	dzz	-0.0045225	56	dzz	-0.0045225						
1680000.000	55	dzz	-0.004536	56	dzz	-0.004536						
1685000.000	55	dzz	-0.0045495	56	dzz	-0.0045495						
1690000.000	55	dzz	-0.004563	56	dzz	-0.004563						
1695000.000	55	dzz	-0.0045765	56	dzz	-0.0045765						
1700000.000	55	dzz	-0.00459	56	dzz	-0.00459						
1705000.000	55	dzz	-0.0046035	56	dzz	-0.0046035						
1710000.000	55	dzz	-0.004617	56	dzz	-0.004617						
1715000.000	55	dzz	-0.0046305	56	dzz	-0.0046305						
1720000.000	55	dzz	-0.004644	56	dzz	-0.004644						
1725000.000	55	dzz	-0.0046575	56	dzz	-0.0046575						
1730000.000	55	dzz	-0.004671	56	dzz	-0.004671						
1735000.000	55	dzz	-0.0046845	56	dzz	-0.0046845						
1740000.000	55	dzz	-0.004698	56	dzz	-0.004698						
1745000.000	55	dzz	-0.0047115	56	dzz	-0.0047115						
1750000.000	55	dzz	-0.004725	56	dzz	-0.004725						
1755000.000	55	dzz	-0.0047385	56	dzz	-0.0047385						
1760000.000	55	dzz	-0.004752	56	dzz	-0.004752						
1765000.000	55	dzz	-0.0047655	56	dzz	-0.0047655						
1770000.000	55	dzz	-0.004779	56	dzz	-0.004779						
1775000.000	55	dzz	-0.0047925	56	dzz	-0.0047925						
1780000.000	55	dzz	-0.004806	56	dzz	-0.004806						
1785000.000	55	dzz	-0.0048195	56	dzz	-0.0048195						
1790000.000	55	dzz	-0.004833	56	dzz	-0.004833						
1795000.000	55	dzz	-0.0048465	56	dzz	-0.0048465						
1800000.000	55	dzz	-0.00486	56	dzz	-0.00486						
1805000.000	55	dzz	-0.0048735	56	dzz	-0.0048735						
1810000.000	55	dzz	-0.004887	56	dzz	-0.004887						
1815000.000	55	dzz	-0.0049005	56	dzz	-0.0049005						
1820000.000	55	dzz	-0.004914	56	dzz	-0.004914						
1825000.000	55	dzz	-0.0049275	56	dzz	-0.0049275						
1830000.000	55	dzz	-0.004941	56	dzz	-0.004941						
1835000.000	55	dzz	-0.0049545	56	dzz	-0.0049545						
1840000.000	55	dzz	-0.004968	56	dzz	-0.004968						
1845000.000	55	dzz	-0.0049815	56	dzz	-0.0049815						
1850000.000	55	dzz	-0.004995	56	dzz	-0.004995						
1855000.000	55	dzz	-0.0050085	56	dzz	-0.0050085						
1860000.000	55	dzz	-0.005022	56	dzz	-0.005022						
1865000.000	55	dzz	-0.0050355	56	dzz	-0.0050355						
1870000.000	55	dzz	-0.005049	56	dzz	-0.005049						
1875000.000	55	dzz	-0.0050625	56	dzz	-0.0050625						
1880000.000	55	dzz	-0.005076	56	dzz	-0.005076						
1885000.000	55	dzz	-0.0050895	56	dzz	-0.0050895						
1890000.000	55	dzz	-0.005103	56	dzz	-0.005103						
1895000.000	55	dzz	-0.0051165	56	dzz	-0.0051165						
1900000.000	55	dzz	-0.00513	56	dzz	-0.00513						
1905000.000	55	dzz	-0.0051435	56	dzz	-0.0051435						
1910000.000	55	dzz	-0.005157	56	dzz	-0.005157						
1915000.000	55	dzz	-0.0051705	56	dzz	-0.0051705						
1920000.000	55	dzz	-0.005184	56	dzz	-0.005184						
1925000.000	55	dzz	-0.0051975	56	dzz	-0.0051975						
1930000.000	55	dzz	-0.005211	56	dzz	-0.005211						
1935000.000	55	dzz	-0.0052245	56	dzz	-0.0052245						
1940000.000	55	dzz	-0.005238	56	dzz	-0.005238						
1945000.000	55	dzz	-0.0052515	56	dzz	-0.0052515						
1950000.000	55	dzz	-0.005265	56	dzz	-0.005265						
1955000.000	55	dzz	-0.0052785	56	dzz	-0.0052785						
1960000.000	55	dzz	-0.005292	56	dzz	-0.005292						
1965000.000	55	dzz	-0.0053055	56	dzz	-0.0053055						
1970000.000	55	dzz	-0.005319	56	dzz	-0.005319						
1975000.000	55	dzz	-0.0053325	56	dzz	-0.0053325						
1980000.000	55	dzz	-0.005346	56	dzz	-0.005346						
1985000.000	55	dzz	-0.0053595	56	dzz	-0.0053595						
1990000.000	55	dzz	-0.005373	56	dzz	-0.005373						
1995000.000	55	dzz	-0.0053865	56	dzz	-0.0053865						
2000000.000	55	dzz	-0.0054	56	dzz	-0.0054						
2005000.000	55	dzz	-0.0054135	56	dzz	-0.0054135						
2010000.000	55	dzz	-0.005427	56	dzz	-0.005427						
2015000.000	55	dzz	-0.0054405	56	dzz	-0.0054405						
2020000.000	55	dzz	-0.005454	56	dzz	-0.005454						
2025000.000	55	dzz	-0.0054675	56	dzz	-0.0054675						
2030000.000	55	dzz	-0.005481	56	dzz	-0.005481						
2035000.000	55	dzz	-0.0054945	56	dzz	-0.0054945						
2040000.000	55	dzz	-0.005508	56	dzz	-0.005508						
2045000.000	55	dzz	-0.0055215	56	dzz	-0.0055215						
2050000.000	55	dzz	-0.005535	56	dzz	-0.005535						
2055000.000	55	dzz	-0.0055485	56	dzz	-0.0055485						
2060000.000	55	dzz	-0.005562	56	dzz	-0.005562						
2065000.000	55	dzz	-0.0055755	56	dzz	-0.0055755						
2070000.000	55	dzz	-0.005589	56	dzz	-0.005589						
2075000.000	55	dzz	-0.0056025	56	dzz	-0.0056025						
2080000.000	55	dzz	-0.005616	56	dzz	-0.005616						
2085000.000	55	dzz	-0.0056295	56	dzz	-0.0056295						
2090000.000	55	dzz	-0.005643	56	dzz	-0.005643						
2095000.000	55	dzz	-0.0056565	56	dzz	-0.0056565						
2100000.000	55	dzz	-0.00567	56	dzz	-0.00567						
2105000.000	55	dzz	-0.0056835	56	dzz	-0.0056835						
2110000.000	55	dzz	-0.005697	56	dzz	-0.005697						
2115000.000	55	dzz	-0.0057105	56	dzz	-0.0057105						
2120000.000	55	dzz	-0.005724	56	dzz	-0.005724						
2125000.000	55	dzz	-0.0057375	56	dzz	-0.0057375						
2130000.000	55	dzz	-0.005751	56	dzz	-0.005751						
2135000.000	55	dzz	-0.0057645	56	dzz	-0.0057645						
2140000.000	55	dzz	-0.005778	56	dzz	-0.005778						
2145000.000	55	dzz	-0.0057915	56	dzz	-0.0057915						
2150000.000	55	dzz	-0.005805	56	dzz	-0.005805						
2155000.000	55	dzz	-0.0058185	56	dzz	-0.0058185						
2160000.000	55	dzz	-0.005832	56	dzz	-0.005832						
2165000.000	55	dzz	-0.0058455	56	dzz	-0.0058455						
2170000.000	55	dzz	-0.005859	56	dzz	-0.005859						
2175000.000	55	dzz	-0.0058725	56	dzz	-0.0058725						
2180000.000	55	dzz	-0.005886	56	dzz	-0.005886						
2185000.000	55	dzz	-0.0058995	56	dzz	-0.0058995						
2190000.000	55	dzz	-0.005913	56	dzz	-0.005913						
2195000.000	55	dzz	-0.0059265	56	dzz	-0.0059265						
2200000.000	55	dzz	-0.00594	56	dzz	-0.00594						
2205000.000	55	dzz	-0.0059535	56	dzz	-0.0059535						
2210000.000	55	dzz	-0.005967	56	dzz	-0.005967						
2215000.000	55	dzz	-0.0059805	56	dzz	-0.0059805						
2220000.000	55	dzz	-0.005994	56	dzz	-0.005994						
2225000.000	55	dzz	-0.0060075	56	dzz	-0.0060075						
2230000.000	55	dzz	-0.006021	56	dzz	-0.006021						
2235000.000	55	dzz	-0.0060345	56	dzz	-0.0060345						
2240000.000	55	dzz	-0.006048	56	dzz	-0.006048						
2245000.000	55	dzz	-0.0060615	56	dzz	-0.0060615						
2250000.000	55	dzz	-0.006075	56	dzz	-0.006075						
2256000.000	55	dzz	-0.0060912	56	dzz	-0.0060912						
2262000.000	55	dzz	-0.0061074	56	dzz	-0.0061074						
2268000.000	55	dzz	-0.0061236	56	dzz	-0.0061236						
2274000.000	55	dzz	-0.0061398	56	dzz	-0.0061398						
2280000.000	55	dzz	-0.006156	56	dzz	-0.006156						
2286000.000	55	dzz	-0.0061722	56	dzz	-0.0061722						
2292000.000	55	dzz	-0.0061884	56	dzz	-0.0061884						
2298000.000	55	dzz	-0.0062046	56	dzz	-0.0062046						
2304000.000	55	dzz	-0.0062208	56	dzz	-0.0062208						
2310000.000	55	dzz	-0.006237	56	dzz	-0.006237						
2316000.000	55	dzz	-0.0062532	56	dzz	-0.0062532						
2322000.000	55	dzz	-0.0062694	56	dzz	-0.0062694						
2328000.000	55	dzz	-0.0062856	56	dzz	-0.0062856						
2334000.000	55	dzz	-0.0063018	56	dzz	-0.0063018						
2340000.000	55	dzz	-0.006318	56	dzz	-0.006318						
2346000.000	55	dzz	-0.0063342	56	dzz	-0.0063342						
2352000.000	55	dzz	-0.0063504	56	dzz	-0.0063504						
2358000.000	55	dzz	-0.0063666	56	dzz	-0.0063666						
2364000.000	55	dzz	-0.0063828	56	dzz	-0.0063828						
2370000.000	55	dzz	-0.006399	56	dzz	-0.006399						
2376000.000	55	dzz	-0.0064152	56	dzz	-0.0064152						
2382000.000	55	dzz	-0.0064314	56	dzz	-0.0064314						
2388000.000	55	dzz	-0.0064476	56	dzz	-0.0064476						
2394000.000	55	dzz	-0.0064638	56	dzz	-0.0064638						
2400000.000	55	dzz	-0.00648	56	dzz	-0.00648						
2406000.000	55	dzz	-0.0064962	56	dzz	-0.0064962						
2412000.000	55	dzz	-0.0065124	56	dzz	-0.0065124						
2418000.000	55	dzz	-0.0065286	56	dzz	-0.0065286						
2424000.000	55	dzz	-0.0065448	56	dzz	-0.0065448						
2430000.000	55	dzz	-0.006561	56	dzz	-0.006561						
2436000.000	55	dzz	-0.0065772	56	dzz	-0.0065772						
2442000.000	55	dzz	-0.0065934	56	dzz	-0.0065934						
2448000.000	55	dzz	-0.0066096	56	dzz	-0.0066096						
2454000.000	55	dzz	-0.0066258	56	dzz	-0.0066258						
2460000.000	55	dzz	-0.006642	56	dzz	-0.006642						
2466000.000	55	dzz	-0.0066582	56	dzz	-0.0066582						
2472000.000	55	dzz	-0.0066744	56	dzz	-0.0066744						
2478000.000	55	dzz	-0.0066906	56	dzz	-0.0066906						
2484000.000	55	dzz	-0.0067068	56	dzz	-0.0067068						
2490000.000	55	dzz	-0.006723	56	dzz	-0.006723						
2496000.000	55	dzz	-0.0067392	56	dzz	-0.0067392						
2502000.000	55	dzz	-0.0067554	56	dzz	-0.0067554						
2508000.000	55	dzz	-0.0067716	56	dzz	-0.0067716						
2514000.000	55	dzz	-0.0067878	56	dzz	-0.0067878						
2520000.000	55	dzz	-0.006804	56	dzz	-0.006804						
2526000.000	55	dzz	-0.0068202	56	dzz	-0.0068202						
2532000.000	55	dzz	-0.0068364	56	dzz	-0.0068364						
2538000.000	55	dzz	-0.0068526	56	dzz	-0.0068526						
2544000.000	55	dzz	-0.0068688	56	dzz	-0.0068688						
2550000.000	55	dzz	-0.006885	56	dzz	-0.006885						
2556000.000	55	dzz	-0.0069012	56	dzz	-0.0069012						
2562000.000	55	dzz	-0.0069174	56	dzz	-0.0069174						
2568000.000	55	dzz	-0.0069336	56	dzz	-0.0069336						
2574000.000	55	dzz	-0.0069498	56	dzz	-0.0069498						
2580000.000	55	dzz	-0.006966	56	dzz	-0.006966						
2586000.000	55	dzz	-0.0069822	56	dzz	-0.0069822						
2592000.000	55	dzz	-0.0069984	56	dzz	-0.0069984						
2598000.000	55	dzz	-0.0070146	56	dzz	-0.0070146						
2604000.000	55	dzz	-0.0070308	56	dzz	-0.0070308						
2610000.000	55	dzz	-0.007047	56	dzz	-0.007047						
2616000.000	55	dzz	-0.0070632	56	dzz	-0.0070632						
2622000.000	55	dzz	-0.0070794	56	dzz	-0.0070794						
2628000.000	55	dzz	-0.0070956	56	dzz	-0.0070956						
2634000.000	55	dzz	-0.0071118	56	dzz	-0.0071118						
2640000.000	55	dzz	-0.007128	56	dzz	-0.007128						
2646000.000	55	dzz	-0.0071442	56	dzz	-0.0071442						
2652000.000	55	dzz	-0.0071604	56	dzz	-0.0071604						
2658000.000	55	dzz	-0.0071766	56	dzz	-0.0071766						
2664000.000	55	dzz	-0.0071928	56	dzz	-0.0071928						
2670000.000	55	dzz	-0.007209	56	dzz	-0.007209						
2676000.000	55	dzz	-0.0072252	56	dzz	-0.0072252						
2682000.000	55	dzz	-0.0072414	56	dzz	-0.0072414						
2688000.000	55	dzz	-0.0072576	56	dzz	-0.0072576						
2694000.000	55	dzz	-0.0072738	56	dzz	-0.0072738						
2700000.000	55	dzz	-0.00729	56	dzz	-0.00729						
2706000.000	55	dzz	-0.0073062	56	dzz	-0.0073062						
2712000.000	55	dzz	-0.0073224	56	dzz	-0.0073224						
2718000.000	55	dzz	-0.0073386	56	dzz	-0.0073386						
2724000.000	55	dzz	-0.0073548	56	dzz	-0.0073548						
2730000.000	55	dzz	-0.007371	56	dzz	-0.007371						
2736000.000	55	dzz	-0.0073872	56	dzz	-0.0073872						
2742000.000	55	dzz	-0.0074034	56	dzz	-0.0074034						
2748000.000	55	dzz	-0.0074196	56	dzz	-0.0074196						
2754000.000	55	dzz	-0.0074358	56	dzz	-0.0074358						
2760000.000	55	dzz	-0.007452	56	dzz	-0.007452						
2766000.000	55	dzz	-0.0074682	56	dzz	-0.0074682						
2772000.000	55	dzz	-0.0074844	56	dzz	-0.0074844						
2778000.000	55	dzz	-0.0075006	56	dzz	-0.0075006						
2784000.000	55	dzz	-0.0075168	56	dzz	-0.0075168						
2790000.000	55	dzz	-0.007533	56	dzz	-0.007533						
2796000.000	55	dzz	-0.0075492	56	dzz	-0.0075492						
2802000.000	55	dzz	-0.0075654	56	dzz	-0.0075654						
2808000.000	55	dzz	-0.0075816	56	dzz	-0.0075816						
2814000.000	55	dzz	-0.0075978	56	dzz	-0.0075978						
2820000.000	55	dzz	-0.007614	56	dzz	-0.007614						
2826000.000	55	dzz	-0.0076302	56	dzz	-0.0076302						
2832000.000	55	dzz	-0.0076464	56	dzz	-0.0076464						
2838000.000	55	dzz	-0.0076626	56	dzz	-0.0076626						
2844000.000	55	dzz	-0.0076788	56	dzz	-0.0076788						
2850000.000	55	dzz	-0.007695	56	dzz	-0.007695						
2856000.000	55	dzz	-0.0077112	56	dzz	-0.0077112						
2862000.000	55	dzz	-0.0077274	56	dzz	-0.0077274						
2868000.000	55	dzz	-0.0077436	56	dzz	-0.0077436						
2874000.000	55	dzz	-0.0077598	56	dzz	-0.0077598						
2880000.000	55	dzz	-0.007776	56	dzz	-0.007776						
2886000.000	55	dzz	-0.0077922	56	dzz	-0.0077922						
2892000.000	55	dzz	-0.0078084	56	dzz	-0.0078084						
2898000.000	55	dzz	-0.0078246	56	dzz	-0.0078246						
2904000.000	55	dzz	-0.0078408	56	dzz	-0.0078408						
2910000.000	55	dzz	-0.007857	56	dzz	-0.007857						
2916000.000	55	dzz	-0.0078732	56	dzz	-0.0078732						
2922000.000	55	dzz	-0.0078894	56	dzz	-0.0078894						
2928000.000	55	dzz	-0.0079056	56	dzz	-0.0079056						
2934000.000	55	dzz	-0.0079218	56	dzz	-0.0079218						
2940000.000	55	dzz	-0.007938	56	dzz	-0.007938						
2946000.000	55	dzz	-0.0079542	56	dzz	-0.0079542						
2952000.000	55	dzz	-0.0079704	56	dzz	-0.0079704						
2958000.000	55	dzz	-0.0079866	56	dzz	-0.0079866						
2964000.000	55	dzz	-0.0080028	56	dzz	-0.0080028						
2970000.000	55	dzz	-0.008019	56	dzz	-0.008019						
2976000.000	55	dzz	-0.0080352	56	dzz	-0.0080352						
2982000.000	55	dzz	-0.0080514	56	dzz	-0.0080514						
2988000.000	55	dzz	-0.0080676	56	dzz	-0.0080676						
2994000.000	55	dzz	-0.0080838	56	dzz	-0.0080838						
3000000.000	55	dzz	-0.0081	56	dzz	-0.0081						
3006000.000	55	dzz	-0.0081162	56	dzz	-0.0081162						
3012000.000	55	dzz	-0.0081324	56	dzz	-0.0081324						
3018000.000	55	dzz	-0.0081486	56	dzz	-0.0081486						
3024000.000	55	dzz	-0.0081648	56	dzz	-0.0081648						
3030000.000	55	dzz	-0.008181	56	dzz	-0.008181						
3036000.000	55	dzz	-0.0081972	56	dzz	-0.0081972						
3042000.000	55	dzz	-0.0082134	56	dzz	-0.0082134						
3048000.000	55	dzz	-0.0082296	56	dzz	-0.0082296						
3054000.000	55	dzz	-0.0082458	56	dzz	-0.0082458						
3060000.000	55	dzz	-0.008262	56	dzz	-0.008262						
3066000.000	55	dzz	-0.0082782	56	dzz	-0.0082782						
3072000.000	55	dzz	-0.0082944	56	dzz	-0.0082944						
3078000.000	55	dzz	-0.0083106	56	dzz	-0.0083106						
3084000.000	55	dzz	-0.0083268	56	dzz	-0.0083268						
3090000.000	55	dzz	-0.008343	56	dzz	-0.008343						
3096000.000	55	dzz	-0.0083592	56	dzz	-0.0083592						
3102000.000	55	dzz	-0.0083754	56	dzz	-0.0083754						
3108000.000	55	dzz	-0.0083916	56	dzz	-0.0083916						
3114000.000	55	dzz	-0.0084078	56	dzz	-0.0084078						
3120000.000	55	dzz	-0.008424	56	dzz	-0.008424						
3126000.000	55	dzz	-0.0084402	56	dzz	-0.0084402						
3132000.000	55	dzz	-0.0084564	56	dzz	-0.0084564						
3138000.000	55	dzz	-0.0084726	56	dzz	-0.0084726						
3144000.000	55	dzz	-0.0084888	56	dzz	-0.0084888						
3150000.000	55	dzz	-0.008505	56	dzz	-0.008505						
3150000.010	55	Fzz	0.0000	56	Fzz	0.00000						
3150000.020	55	Fzz	-1.0492	56	Fzz	-1.04918						
3150000.030	55	Fzz	-2.0774	56	Fzz	-2.07739						
3150000.040	55	Fzz	-3.0847	56	Fzz	-3.08473						
3150000.051	55	Fzz	-4.0713	56	Fzz	-4.07133						
3150000.061	55	Fzz	-5.0373	56	Fzz	-5.03731						
3150000.072	55	Fzz	-5.9828	56	Fzz	-5.98283						
3150000.082	55	Fzz	-6.9080	56	Fzz	-6.90801						
3150000.093	55	Fzz	-7.8130	56	Fzz	-7.81301						
3150000.104	55	Fzz	-8.6980	56	Fzz	-8.69799						
3150000.115	55	Fzz	-9.5631	56	Fzz	-9.56311						
3150000.126	55	Fzz	-10.4085	56	Fzz	-10.40854						
3150000.137	55	Fzz	-11.2345	56	Fzz	-11.23445						
3150000.148	55	Fzz	-12.0410	56	Fzz	-12.04103						
3150000.159	55	Fzz	-12.8285	56	Fzz	-12.82847						
3150000.171	55	Fzz	-13.5970	56	Fzz	-13.59695						
3150000.183	55	Fzz	-14.3467	56	Fzz	-14.34668						
3150000.194	55	Fzz	-15.0779	56	Fzz	-15.07786						
3150000.206	55	Fzz	-15.7907	56	Fzz	-15.79071						
3150000.218	55	Fzz	-16.4854	56	Fzz	-16.48542						
3150000.230	55	Fzz	-17.1622	56	Fzz	-17.16224						
3150000.242	55	Fzz	-17.8214	56	Fzz	-17.82136						
3150000.255	55	Fzz	-18.4630	56	Fzz	-18.46304						
3150000.267	55	Fzz	-19.0875	56	Fzz	-19.08749						
3150000.280	55	Fzz	-19.6950	56	Fzz	-19.69496						
3150000.292	55	Fzz	-20.2857	56	Fzz	-20.28569						
3150000.305	55	Fzz	-20.8599	56	Fzz	-20.85991						
3150000.318	55	Fzz	-21.4179	56	Fzz	-21.41788						
3150000.331	55	Fzz	-21.9598	56	Fzz	-21.95984						
3150000.345	55	Fzz	-22.4861	56	Fzz	-22.48606						
3150000.358	55	Fzz	-22.9968	56	Fzz	-22.99678						
3150000.371	55	Fzz	-23.4923	56	Fzz	-23.49227						
3150000.385	55	Fzz	-23.9728	56	Fzz	-23.97279						
3150000.399	55	Fzz	-24.4386	56	Fzz	-24.43859						
3150000.413	55	Fzz	-24.8899	56	Fzz	-24.88995						
3150000.427	55	Fzz	-25.3271	56	Fzz	-25.32713						
3150000.441	55	Fzz	-25.7504	56	Fzz	-25.75040						
3150000.455	55	Fzz	-26.1600	56	Fzz	-26.16003						
3150000.470	55	Fzz	-26.5563	56	Fzz	-26.55629						
3150000.484	55	Fzz	-26.9394	56	Fzz	-26.93944						
3150000.499	55	Fzz	-27.3098	56	Fzz	-27.30977						
3150000.514	55	Fzz	-27.6675	56	Fzz	-27.66755						
3150000.529	55	Fzz	-28.0130	56	Fzz	-28.01304						
3150000.544	55	Fzz	-28.3465	56	Fzz	-28.34652						
3150000.559	55	Fzz	-28.6683	56	Fzz	-28.66826						
3150000.575	55	Fzz	-28.9785	56	Fzz	-28.97853						
3150000.590	55	Fzz	-29.2776	56	Fzz	-29.27760						
3150000.606	55	Fzz	-29.5657	56	Fzz	-29.56574						
3150000.622	55	Fzz	-29.8432	56	Fzz	-29.84322						
3150000.638	55	Fzz	-30.1103	56	Fzz	-30.11031						
3150000.655	55	Fzz	-30.3673	56	Fzz	-30.36727						
3150000.671	55	Fzz	-30.6144	56	Fzz	-30.61437						
3150000.688	55	Fzz	-30.8519	56	Fzz	-30.85187						
3150000.704	55	Fzz	-31.0800	56	Fzz	-31.08002						
3150000.721	55	Fzz	-31.2991	56	Fzz	-31.29909						
3150000.739	55	Fzz	-31.5093	56	Fzz	-31.50933						
3150000.756	55	Fzz	-31.7110	56	Fzz	-31.71100						
3150000.773	55	Fzz	-31.9043	56	Fzz	-31.90433						
3150000.791	55	Fzz	-32.0896	56	Fzz	-32.08960						
3150000.809	55	Fzz	-32.2670	56	Fzz	-32.26702						
3150000.827	55	Fzz	-32.4369	56	Fzz	-32.43685						
3150000.845	55	Fzz	-32.5993	56	Fzz	-32.59933						
3150000.863	55	Fzz	-32.7547	56	Fzz	-32.75468						
3150000.882	55	Fzz	-32.9031	56	Fzz	-32.90315						
3150000.900	55	Fzz	-33.0449	56	Fzz	-33.04495						
3150000.919	55	Fzz	-33.1803	56	Fzz	-33.18031						
3150000.938	55	Fzz	-33.3095	56	Fzz	-33.30945						
3150000.958	55	Fzz	-33.4326	56	Fzz	-33.43259						
3150000.977	55	Fzz	-33.5499	56	Fzz	-33.54993						
3150000.997	55	Fzz	-33.6617	56	Fzz	-33.66168						
3150001.017	55	Fzz	-33.7681	56	Fzz	-33.76806						
3150001.037	55	Fzz	-33.8693	56	Fzz	-33.86925						
3150001.057	55	Fzz	-33.9655	56	Fzz	-33.96545						
3150001.078	55	Fzz	-34.0569	56	Fzz	-34.05686						
3150001.098	55	Fzz	-34.1437	56	Fzz	-34.14365						
3150001.119	55	Fzz	-34.2260	56	Fzz	-34.22602						
3150001.140	55	Fzz	-34.3041	56	Fzz	-34.30413						
3150001.162	55	Fzz	-34.3782	56	Fzz	-34.37816						
3150001.183	55	Fzz	-34.4483	56	Fzz	-34.44829						
3150001.205	55	Fzz	-34.5147	56	Fzz	-34.51466						
3150001.227	55	Fzz	-34.5774	56	Fzz	-34.57745						
3150001.249	55	Fzz	-34.6368	56	Fzz	-34.63680						
3150001.271	55	Fzz	-34.6929	56	Fzz	-34.69288						
3150001.294	55	Fzz	-34.7458	56	Fzz	-34.74582						
3150001.317	55	Fzz	-34.7958	56	Fzz	-34.79576						
3150001.340	55	Fzz	-34.8428	56	Fzz	-34.84285						
3150001.363	55	Fzz	-34.8872	56	Fzz	-34.88721						
3150001.387	55	Fzz	-34.9290	56	Fzz	-34.92898						
3150001.410	55	Fzz	-34.9683	56	Fzz	-34.96827						
3150001.434	55	Fzz	-35.0052	56	Fzz	-35.00522						
3150001.459	55	Fzz	-35.0399	56	Fzz	-35.03992						
3150001.483	55	Fzz	-35.0725	56	Fzz	-35.07251						
3150001.508	55	Fzz	-35.1031	56	Fzz	-35.10308						
3150001.533	55	Fzz	-35.1317	56	Fzz	-35.13174						
3150001.558	55	Fzz	-35.1586	56	Fzz	-35.15858						
3150001.584	55	Fzz	-35.1837	56	Fzz	-35.18370						
3150001.609	55	Fzz	-35.2072	56	Fzz	-35.20721						
3150001.635	55	Fzz	-35.2292	56	Fzz	-35.22917						
3150001.662	55	Fzz	-35.2497	56	Fzz	-35.24968						
3150001.688	55	Fzz	-35.2688	56	Fzz	-35.26882						
3150001.715	55	Fzz	-35.2867	56	Fzz	-35.28667						
3150001.742	55	Fzz	-35.3033	56	Fzz	-35.30330						
3150001.769	55	Fzz	-35.3188	56	Fzz	-35.31877						
3150001.797	55	Fzz	-35.3332	56	Fzz	-35.33317						
3150001.825	55	Fzz	-35.3466	56	Fzz	-35.34655						
3150001.853	55	Fzz	-35.3590	56	Fzz	-35.35898						
3150001.881	55	Fzz	-35.3705	56	Fzz	-35.37050						
3150001.910	55	Fzz	-35.3812	56	Fzz	-35.38119						
3150001.939	55	Fzz	-35.3911	56	Fzz	-35.39109						
3150001.968	55	Fzz	-35.4003	56	Fzz	-35.40025						
3150001.998	55	Fzz	-35.4087	56	Fzz	-35.40872						
3150002.028	55	Fzz	-35.4165	56	Fzz	-35.41655						
3150002.058	55	Fzz	-35.4238	56	Fzz	-35.42377						
3150002.088	55	Fzz	-35.4304	56	Fzz	-35.43043						
3150002.119	55	Fzz	-35.4366	56	Fzz	-35.43657						
3150002.150	55	Fzz	-35.4422	56	Fzz	-35.44222						
3150002.182	55	Fzz	-35.4474	56	Fzz	-35.44741						
3150002.213	55	Fzz	-35.4522	56	Fzz	-35.45219						
3150002.245	55	Fzz	-35.4566	56	Fzz	-35.45657						
3150002.278	55	Fzz	-35.4606	56	Fzz	-35.46058						
3150002.310	55	Fzz	-35.4643	56	Fzz	-35.46427						
3150002.343	55	Fzz	-35.4676	56	Fzz	-35.46763						
3150002.377	55	Fzz	-35.4707	56	Fzz	-35.47071						
3150002.410	55	Fzz	-35.4735	56	Fzz	-35.47353						
3150002.444	55	Fzz	-35.4761	56	Fzz	-35.47609						
3150002.479	55	Fzz	-35.4784	56	Fzz	-35.47844						
3150002.513	55	Fzz	-35.4806	56	Fzz	-35.48057						
3150002.548	55	Fzz	-35.4825	56	Fzz	-35.48251						
3150002.584	55	Fzz	-35.4843	56	Fzz	-35.48427						
3150002.620	55	Fzz	-35.4859	56	Fzz	-35.48587						
3150002.656	55	Fzz	-35.4873	56	Fzz	-35.48732						
3150002.692	55	Fzz	-35.4886	56	Fzz	-35.48863						
3150002.729	55	Fzz	-35.4898	56	Fzz	-35.48982						
3150002.766	55	Fzz	-35.4909	56	Fzz	-35.49089						
3150002.804	55	Fzz	-35.4919	56	Fzz	-35.49187						
3150002.842	55	Fzz	-35.4927	56	Fzz	-35.49274						
3150002.880	55	Fzz	-35.4935	56	Fzz	-35.49353						
3150002.919	55	Fzz	-35.4942	56	Fzz	-35.49424						
3150002.958	55	Fzz	-35.4949	56	Fzz	-35.49488						
3150002.997	55	Fzz	-35.4954	56	Fzz	-35.49545						
3150003.037	55	Fzz	-35.4960	56	Fzz	-35.49596						
3150003.077	55	Fzz	-35.4964	56	Fzz	-35.49642						
3150003.118	55	Fzz	-35.4968	56	Fzz	-35.49683						
3150003.159	55	Fzz	-35.4972	56	Fzz	-35.49720						
3150003.201	55	Fzz	-35.4975	56	Fzz	-35.49753						
3150003.243	55	Fzz	-35.4978	56	Fzz	-35.49782						
3150003.285	55	Fzz	-35.4981	56	Fzz	-35.49808						
3150003.328	55	Fzz	-35.4983	56	Fzz	-35.49831						
3150003.371	55	Fzz	-35.4985	56	Fzz	-35.49852						
3150003.414	55	Fzz	-35.4987	56	Fzz	-35.49870						
3150003.458	55	Fzz	-35.4989	56	Fzz	-35.49886						
3150003.503	55	Fzz	-35.4990	56	Fzz	-35.49900						
3150003.548	55	Fzz	-35.4991	56	Fzz	-35.49913						
3150003.593	55	Fzz	-35.4992	56	Fzz	-35.49924						
3150003.639	55	Fzz	-35.4993	56	Fzz	-35.49934						
3150003.685	55	Fzz	-35.4994	56	Fzz	-35.49942						
3150003.732	55	Fzz	-35.4995	56	Fzz	-35.49950						
3150003.779	55	Fzz	-35.4996	56	Fzz	-35.49956						
3150003.827	55	Fzz	-35.4996	56	Fzz	-35.49962						
3150003.875	55	Fzz	-35.4997	56	Fzz	-35.49967						
3150003.928	55	Fzz	-35.4997	56	Fzz	-35.49972						
3150003.986	55	Fzz	-35.4998	56	Fzz	-35.49977						
3150004.051	55	Fzz	-35.4998	56	Fzz	-35.49981						
3150004.121	55	Fzz	-35.4998	56	Fzz	-35.49984						
3150004.199	55	Fzz	-35.4999	56	Fzz	-35.49988						
3150004.284	55	Fzz	-35.4999	56	Fzz	-35.49990						
3150004.378	55	Fzz	-35.4999	56	Fzz	-35.49993						
3150004.481	55	Fzz	-35.4999	56	Fzz	-35.49995						
3150004.595	55	Fzz	-35.5000	56	Fzz	-35.49996						
3150004.720	55	Fzz	-35.5000	56	Fzz	-35.49997						
3150004.857	55	Fzz	-35.5000	56	Fzz	-35.49998						
3150005.008	55	Fzz	-35.5000	56	Fzz	-35.49999						
3150005.175	55	Fzz	-35.5000	56	Fzz	-35.49999						
3150005.357	55	Fzz	-35.5000	56	Fzz	-35.50000						
3150005.559	55	Fzz	-35.5000	56	Fzz	-35.50000						
3150005.780	55	Fzz	-35.5000	56	Fzz	-35.50000						
3150006.024	55	Fzz	-35.5000	56	Fzz	-35.50000						
3150006.291	55	Fzz	-35.5000	56	Fzz	-35.50000						
3150006.586	55	Fzz	-35.5000	56	Fzz	-35.50000						
3150006.910	55	Fzz	-35.5000	56	Fzz	-35.50000						
3150007.266	55	Fzz	-35.5000	56	Fzz	-35.50000						
3150007.659	55	Fzz	-35.5000	56	Fzz	-35.50000						
3150008.090	55	Fzz	-35.5000	56	Fzz	-35.50000						
3150008.564	55	Fzz	-35.5000	56	Fzz	-35.50000						
3150009.086	55	Fzz	-35.5000	56	Fzz	-35.50000						
3150009.660	55	Fzz	-35.5000	56	Fzz	-35.50000						
3150010.292	55	Fzz	-35.5000	56	Fzz	-35.50000						
3150010.987	55	Fzz	-35.5000	56	Fzz	-35.50000						
3150011.751	55	Fzz	-35.5000	56	Fzz	-35.50000						
3150012.591	55	Fzz	-35.5000	56	Fzz	-35.50000						
3150013.516	55	Fzz	-35.5000	56	Fzz	-35.50000						
3150014.533	55	Fzz	-35.5000	56	Fzz	-35.50000						
3150015.652	55	Fzz	-35.5000	56	Fzz	-35.50000						
3150016.882	55	Fzz	-35.5000	56	Fzz	-35.50000						
3150018.236	55	Fzz	-35.5000	56	Fzz	-35.50000						
3150019.725	55	Fzz	-35.5000	56	Fzz	-35.50000						
3150021.363	55	Fzz	-35.5000	56	Fzz	-35.50000						
3150023.165	55	Fzz	-35.5000	56	Fzz	-35.50000						
3150025.147	55	Fzz	-35.5000	56	Fzz	-35.50000						
3150027.327	55	Fzz	-35.5000	56	Fzz	-35.50000						
3150029.725	55	Fzz	-35.5000	56	Fzz	-35.50000						
3150032.363	55	Fzz	-35.5000	56	Fzz	-35.50000						
3150035.265	55	Fzz	-35.5000	56	Fzz	-35.50000						
3150038.457	55	Fzz	-35.5000	56	Fzz	-35.50000						
3150041.968	55	Fzz	-35.5000	56	Fzz	-35.50000						
3150045.830	55	Fzz	-35.5000	56	Fzz	-35.50000						
3150050.079	55	Fzz	-35.5000	56	Fzz	-35.50000						
3150054.752	55	Fzz	-35.5000	56	Fzz	-35.50000						
3150059.893	55	Fzz	-35.5000	56	Fzz	-35.50000						
3150065.547	55	Fzz	-35.5000	56	Fzz	-35.50000						
3150071.767	55	Fzz	-35.5000	56	Fzz	-35.50000						
3150078.610	55	Fzz	-35.5000	56	Fzz	-35.50000						
3150086.136	55	Fzz	-35.5000	56	Fzz	-35.50000						
3150094.415	55	Fzz	-35.5000	56	Fzz	-35.50000						
3150103.522	55	Fzz	-35.5000	56	Fzz	-35.50000						
3150113.540	55	Fzz	-35.5000	56	Fzz	-35.50000						
3150124.559	55	Fzz	-35.5000	56	Fzz	-35.50000						
3150136.681	55	Fzz	-35.5000	56	Fzz	-35.50000						
3150150.014	55	Fzz	-35.5000	56	Fzz	-35.50000						
3150164.681	55	Fzz	-35.5000	56	Fzz	-35.50000						
3150180.815	55	Fzz	-35.5000	56	Fzz	-35.50000						
3150198.562	55	Fzz	-35.5000	56	Fzz	-35.50000						
3150218.083	55	Fzz	-35.5000	56	Fzz	-35.50000						
3150239.557	55	Fzz	-35.5000	56	Fzz	-35.50000						
3150263.178	55	Fzz	-35.5000	56	Fzz	-35.50000						
3150289.162	55	Fzz	-35.5000	56	Fzz	-35.50000						
3150317.743	55	Fzz	-35.5000	56	Fzz	-35.50000						
3150349.183	55	Fzz	-35.5000	56	Fzz	-35.50000						
3150383.767	55	Fzz	-35.5000	56	Fzz	-35.50000						
3150421.809	55	Fzz	-35.5000	56	Fzz	-35.50000						
3150463.655	55	Fzz	-35.5000	56	Fzz	-35.50000						
3150509.686	55	Fzz	-35.5000	56	Fzz	-35.50000						
3150560.320	55	Fzz	-35.5000	56	Fzz	-35.50000						
3150616.018	55	Fzz	-35.5000	56	Fzz	-35.50000						
3150677.285	55	Fzz	-35.5000	56	Fzz	-35.50000						
3150744.679	55	Fzz	-35.5000	56	Fzz	-35.50000						
3150818.812	55	Fzz	-35.5000	56	Fzz	-35.50000						
3150900.359	55	Fzz	-35.5000	56	Fzz	-35.50000						
3150990.061	55	Fzz	-35.5000	56	Fzz	-35.50000						
3151088.732	55	Fzz	-35.5000	56	Fzz	-35.50000						
3151197.271	55	Fzz	-35.5000	56	Fzz	-35.50000						
3151316.663	55	Fzz	-35.5000	56	Fzz	-35.50000						
3151447.995	55	Fzz	-35.5000	56	Fzz	-35.50000						
3151592.460	55	Fzz	-35.5000	56	Fzz	-35.50000						
3151751.372	55	Fzz	-35.5000	56	Fzz	-35.50000						
3151926.174	55	Fzz	-35.5000	56	Fzz	-35.50000						
3152118.457	55	Fzz	-35.5000	56	Fzz	-35.50000						
3152329.968	55	Fzz	-35.5000	56	Fzz	-35.50000						
3152562.631	55	Fzz	-35.5000	56	Fzz	-35.50000						
3152818.559	55	Fzz	-35.5000	56	Fzz	-35.50000						
3153100.081	55	Fzz	-35.5000	56	Fzz	-35.50000						
3153409.754	55	Fzz	-35.5000	56	Fzz	-35.50000						
3153750.395	55	Fzz	-35.5000	56	Fzz	-35.50000						
3154000.000	55	Fzz	-35.5000	56	Fzz	-35.50000						
3154000.010	55	Fzz	-34.4508	56	Fzz	-34.45082						
3154000.020	55	Fzz	-33.4326	56	Fzz	-33.43264						
3154000.031	55	Fzz	-32.3959	56	Fzz	-32.39593						
3154000.042	55	Fzz	-31.3420	56	Fzz	-31.34196						
3154000.053	55	Fzz	-30.2722	56	Fzz	-30.27217						
3154000.065	55	Fzz	-29.1882	56	Fzz	-29.18818						
3154000.078	55	Fzz	-28.0917	56	Fzz	-28.09173						
3154000.091	55	Fzz	-26.9848	56	Fzz	-26.98477						
3154000.105	55	Fzz	-25.8694	56	Fzz	-25.86936						
3154000.120	55	Fzz	-24.7478	56	Fzz	-24.74778						
3154000.136	55	Fzz	-23.6224	56	Fzz	-23.62241						
3154000.152	55	Fzz	-22.4958	56	Fzz	-22.49581						
3154000.169	55	Fzz	-21.3707	56	Fzz	-21.37066						
3154000.187	55	Fzz	-20.2498	56	Fzz	-20.24977						
3154000.206	55	Fzz	-19.1360	56	Fzz	-19.13605						
3154000.226	55	Fzz	-18.0325	56	Fzz	-18.03250						
3154000.247	55	Fzz	-16.9422	56	Fzz	-16.94221						
3154000.268	55	Fzz	-15.8683	56	Fzz	-15.86827						
3154000.291	55	Fzz	-14.8138	56	Fzz	-14.81383						
3154000.315	55	Fzz	-13.7820	56	Fzz	-13.78199						
3154000.341	55	Fzz	-12.7758	56	Fzz	-12.77582						
3154000.367	55	Fzz	-11.7983	56	Fzz	-11.79830						
3154000.395	55	Fzz	-10.8523	56	Fzz	-10.85229						
3154000.424	55	Fzz	-9.9405	56	Fzz	-9.94051						
3154000.455	55	Fzz	-9.0655	56	Fzz	-9.06547						
3154000.487	55	Fzz	-8.2295	56	Fzz	-8.22945						
3154000.521	55	Fzz	-7.4345	56	Fzz	-7.43448						
3154000.557	55	Fzz	-6.6823	56	Fzz	-6.68228						
3154000.594	55	Fzz	-5.9742	56	Fzz	-5.97423						
3154000.633	55	Fzz	-5.3114	56	Fzz	-5.31138						
3154000.674	55	Fzz	-4.6944	56	Fzz	-4.69439						
3154000.718	55	Fzz	-4.1235	56	Fzz	-4.12353						
3154000.763	55	Fzz	-3.5987	56	Fzz	-3.59868						
3154000.811	55	Fzz	-3.1193	56	Fzz	-3.11933						
3154000.861	55	Fzz	-2.6846	56	Fzz	-2.68458						
3154000.913	55	Fzz	-2.2931	56	Fzz	-2.29314						
3154000.968	55	Fzz	-1.9434	56	Fzz	-1.94341						
3154001.026	55	Fzz	-1.6334	56	Fzz	-1.63344						
3154001.087	55	Fzz	-1.3610	56	Fzz	-1.36104						
3154001.151	55	Fzz	-1.1238	56	Fzz	-1.12376						
3154001.218	55	Fzz	-0.9190	56	Fzz	-0.91901						
3154001.288	55	Fzz	-0.7440	56	Fzz	-0.74404						
3154001.362	55	Fzz	-0.5961	56	Fzz	-0.59606						
3154001.440	55	Fzz	-0.4722	56	Fzz	-0.47224						
3154001.521	55	Fzz	-0.3698	56	Fzz	-0.36981						
3154001.607	55	Fzz	-0.2861	56	Fzz	-0.28608						
3154001.697	55	Fzz	-0.2185	56	Fzz	-0.21849						
3154001.791	55	Fzz	-0.1646	56	Fzz	-0.16463						
3154001.890	55	Fzz	-0.1223	56	Fzz	-0.12231						
3154001.994	55	Fzz	-0.0895	56	Fzz	-0.08952						
3154002.103	55	Fzz	-0.0645	56	Fzz	-0.06451						
3154002.218	55	Fzz	-0.0457	56	Fzz	-0.04573						
3154002.339	55	Fzz	-0.0319	56	Fzz	-0.03187						
3154002.465	55	Fzz	-0.0218	56	Fzz	-0.02181						
3154002.598	55	Fzz	-0.0146	56	Fzz	-0.01464						
3154002.737	55	Fzz	-0.0096	56	Fzz	-0.00964						
3154002.883	55	Fzz	-0.0062	56	Fzz	-0.00621						
3154003.037	55	Fzz	-0.0039	56	Fzz	-0.00392						
3154003.199	55	Fzz	-0.0024	56	Fzz	-0.00242						
3154003.368	55	Fzz	-0.0015	56	Fzz	-0.00145						
3154003.546	55	Fzz	-0.0009	56	Fzz	-0.00085						
3154003.733	55	Fzz	-0.0005	56	Fzz	-0.00049						
3154003.929	55	Fzz	-0.0003	56	Fzz	-0.00027						
3154004.135	55	Fzz	-0.0001	56	Fzz	-0.00015						
3154004.351	55	Fzz	-0.0001	56	Fzz	-0.00008						
3154004.578	55	Fzz	0.0000	56	Fzz	-0.00004						
3154004.816	55	Fzz	0.0000	56	Fzz	-0.00002						
3154005.067	55	Fzz	0.0000	56	Fzz	-0.00001						
3154005.330	55	Fzz	0.0000	56	Fzz	0.00000						
3154005.606	55	Fzz	0.0000	56	Fzz	0.00000						
3154005.895	55	Fzz	0.0000	56	Fzz	0.00000						
3154006.200	55	Fzz	0.0000	56	Fzz	0.00000						
3154006.519	55	Fzz	0.0000	56	Fzz	0.00000						
3154006.854	55	Fzz	0.0000	56	Fzz	0.00000						
3154007.207	55	Fzz	0.0000	56	Fzz	0.00000						
3154007.577	55	Fzz	0.0000	56	Fzz	0.00000						
3154007.965	55	Fzz	0.0000	56	Fzz	0.00000						
3154008.373	55	Fzz	0.0000	56	Fzz	0.00000						
3154008.801	55	Fzz	0.0000	56	Fzz	0.00000						
3154009.250	55	Fzz	0.0000	56	Fzz	0.00000						
3154009.722	55	Fzz	0.0000	56	Fzz	0.00000						
3154010.218	55	Fzz	0.0000	56	Fzz	0.00000						
3154010.738	55	Fzz	0.0000	56	Fzz	0.00000						
3154011.285	55	Fzz	0.0000	56	Fzz	0.00000						
3154011.858	55	Fzz	0.0000	56	Fzz	0.00000						
3154012.461	55	Fzz	0.0000	56	Fzz	0.00000						
3154013.093	55	Fzz	0.0000	56	Fzz	0.00000						
3154013.758	55	Fzz	0.0000	56	Fzz	0.00000						
3154014.455	55	Fzz	0.0000	56	Fzz	0.00000						
3154015.187	55	Fzz	0.0000	56	Fzz	0.00000						
3154015.956	55	Fzz	0.0000	56	Fzz	0.00000						
3154016.763	55	Fzz	0.0000	56	Fzz	0.00000						
3154017.611	55	Fzz	0.0000	56	Fzz	0.00000						
3154018.501	55	Fzz	0.0000	56	Fzz	0.00000						
3154019.436	55	Fzz	0.0000	56	Fzz	0.00000						
3154020.417	55	Fzz	0.0000	56	Fzz	0.00000						
3154021.447	55	Fzz	0.0000	56	Fzz	0.00000						
3154022.529	55	Fzz	0.0000	56	Fzz	0.00000						
3154023.665	55	Fzz	0.0000	56	Fzz	0.00000						
3154024.858	55	Fzz	0.0000	56	Fzz	0.00000						
3154026.110	55	Fzz	0.0000	56	Fzz	0.00000						
3154027.425	55	Fzz	0.0000	56	Fzz	0.00000						
3154028.806	55	Fzz	0.0000	56	Fzz	0.00000						
3154030.256	55	Fzz	0.0000	56	Fzz	0.00000						
3154031.778	55	Fzz	0.0000	56	Fzz	0.00000						
3154033.377	55	Fzz	0.0000	56	Fzz	0.00000						
3154035.055	55	Fzz	0.0000	56	Fzz	0.00000						
3154036.817	55	Fzz	0.0000	56	Fzz	0.00000						
3154038.667	55	Fzz	0.0000	56	Fzz	0.00000						
3154040.610	55	Fzz	0.0000	56	Fzz	0.00000						
3154042.650	55	Fzz	0.0000	56	Fzz	0.00000						
3154044.792	55	Fzz	0.0000	56	Fzz	0.00000						
3154047.041	55	Fzz	0.0000	56	Fzz	0.00000						
3154049.403	55	Fzz	0.0000	56	Fzz	0.00000						
3154051.883	55	Fzz	0.0000	56	Fzz	0.00000						
3154054.486	55	Fzz	0.0000	56	Fzz	0.00000						
3154057.220	55	Fzz	0.0000	56	Fzz	0.00000						
3154060.091	55	Fzz	0.0000	56	Fzz	0.00000						
3154063.105	55	Fzz	0.0000	56	Fzz	0.00000						
3154066.269	55	Fzz	0.0000	56	Fzz	0.00000						
3154069.592	55	Fzz	0.0000	56	Fzz	0.00000						
3154073.082	55	Fzz	0.0000	56	Fzz	0.00000						
3154076.745	55	Fzz	0.0000	56	Fzz	0.00000						
3154080.592	55	Fzz	0.0000	56	Fzz	0.00000						
3154084.631	55	Fzz	0.0000	56	Fzz	0.00000						
3154088.872	55	Fzz	0.0000	56	Fzz	0.00000						
3154093.325	55	Fzz	0.0000	56	Fzz	0.00000						
3154098.001	55	Fzz	0.0000	56	Fzz	0.00000						
3154102.910	55	Fzz	0.0000	56	Fzz	0.00000						
3154108.065	55	Fzz	0.0000	56	Fzz	0.00000						
3154113.478	55	Fzz	0.0000	56	Fzz	0.00000						
3154119.162	55	Fzz	0.0000	56	Fzz	0.00000						
3154125.129	55	Fzz	0.0000	56	Fzz	0.00000						
3154131.395	55	Fzz	0.0000	56	Fzz	0.00000						
3154137.974	55	Fzz	0.0000	56	Fzz	0.00000						
3154144.883	55	Fzz	0.0000	56	Fzz	0.00000						
3154152.136	55	Fzz	0.0000	56	Fzz	0.00000						
3154159.753	55	Fzz	0.0000	56	Fzz	0.00000						
3154167.750	55	Fzz	0.0000	56	Fzz	0.00000						
3154176.147	55	Fzz	0.0000	56	Fzz	0.00000						
3154184.963	55	Fzz	0.0000	56	Fzz	0.00000						
3154194.221	55	Fzz	0.0000	56	Fzz	0.00000						
3154203.942	55	Fzz	0.0000	56	Fzz	0.00000						
3154214.148	55	Fzz	0.0000	56	Fzz	0.00000						
3154224.865	55	Fzz	0.0000	56	Fzz	0.00000						
3154236.118	55	Fzz	0.0000	56	Fzz	0.00000						
3154247.933	55	Fzz	0.0000	56	Fzz	0.00000						
3154260.340	55	Fzz	0.0000	56	Fzz	0.00000						
3154273.366	55	Fzz	0.0000	56	Fzz	0.00000						
3154287.044	55	Fzz	0.0000	56	Fzz	0.00000						
3154301.406	55	Fzz	0.0000	56	Fzz	0.00000						
3154316.485	55	Fzz	0.0000	56	Fzz	0.00000						
3154332.319	55	Fzz	0.0000	56	Fzz	0.00000						
3154348.944	55	Fzz	0.0000	56	Fzz	0.00000						
3154366.401	55	Fzz	0.0000	56	Fzz	0.00000						
3154384.731	55	Fzz	0.0000	56	Fzz	0.00000						
3154403.977	55	Fzz	0.0000	56	Fzz	0.00000						
3154424.185	55	Fzz	0.0000	56	Fzz	0.00000						
3154445.404	55	Fzz	0.0000	56	Fzz	0.00000						
3154467.684	55	Fzz	0.0000	56	Fzz	0.00000						
3154491.077	55	Fzz	0.0000	56	Fzz	0.00000						
3154515.641	55	Fzz	0.0000	56	Fzz	0.00000						
3154541.432	55	Fzz	0.0000	56	Fzz	0.00000						
3154568.513	55	Fzz	0.0000	56	Fzz	0.00000						
3154596.948	55	Fzz	0.0000	56	Fzz	0.00000						
3154626.805	55	Fzz	0.0000	56	Fzz	0.00000						
3154658.155	55	Fzz	0.0000	56	Fzz	0.00000						
3154691.072	55	Fzz	0.0000	56	Fzz	0.00000						
3154725.636	55	Fzz	0.0000	56	Fzz	0.00000						
3154761.927	55	Fzz	0.0000	56	Fzz	0.00000						
3154800.033	55	Fzz	0.0000	56	Fzz	0.00000						
3154840.044	55	Fzz	0.0000	56	Fzz	0.00000						
3154882.055	55	Fzz	0.0000	56	Fzz	0.00000						
3154926.168	55	Fzz	0.0000	56	Fzz	0.00000						
3154972.486	55	Fzz	0.0000	56	Fzz	0.00000						
3155021.119	55	Fzz	0.0000	56	Fzz	0.00000						
3155072.185	55	Fzz	0.0000	56	Fzz	0.00000						
3155125.804	55	Fzz	0.0000	56	Fzz	0.00000						
3155182.103	55	Fzz	0.0000	56	Fzz	0.00000						
3155241.218	55	Fzz	0.0000	56	Fzz	0.00000						
3155303.288	55	Fzz	0.0000	56	Fzz	0.00000						
3155368.462	55	Fzz	0.0000	56	Fzz	0.00000						
3155436.895	55	Fzz	0.0000	56	Fzz	0.00000						
3155508.749	55	Fzz	0.0000	56	Fzz	0.00000						
3155584.196	55	Fzz	0.0000	56	Fzz	0.00000						
3155663.415	55	Fzz	0.0000	56	Fzz	0.00000						
3155746.596	55	Fzz	0.0000	56	Fzz	0.00000						
3155833.935	55	Fzz	0.0000	56	Fzz	0.00000						
3155925.641	55	Fzz	0.0000	56	Fzz	0.00000						
3156021.933	55	Fzz	0.0000	56	Fzz	0.00000						
3156123.039	55	Fzz	0.0000	56	Fzz	0.00000						
3156229.200	55	Fzz	0.0000	56	Fzz	0.00000						
3156340.670	55	Fzz	0.0000	56	Fzz	0.00000						
3156457.713	55	Fzz	0.0000	56	Fzz	0.00000						
3156580.608	55	Fzz	0.0000	56	Fzz	0.00000						
3156709.648	55	Fzz	0.0000	56	Fzz	0.00000						
3156845.140	55	Fzz	0.0000	56	Fzz	0.00000						
3156987.406	55	Fzz	0.0000	56	Fzz	0.00000						
3157136.786	55	Fzz	0.0000	56	Fzz	0.00000						
3157293.635	55	Fzz	0.0000	56	Fzz	0.00000						
3157458.326	55	Fzz	0.0000	56	Fzz	0.00000						
3157631.252	55	Fzz	0.0000	56	Fzz	0.00000						
3157812.824	55	Fzz	0.0000	56	Fzz	0.00000						
3158003.475	55	Fzz	0.0000	56	Fzz	0.00000						
3158203.658	55	Fzz	0.0000	56	Fzz	0.00000						
3158413.851	55	Fzz	0.0000	56	Fzz	0.00000						
3158634.553	55	Fzz	0.0000	56	Fzz	0.00000						
3158866.290	55	Fzz	0.0000	56	Fzz	0.00000						
3159109.614	55	Fzz	0.0000	56	Fzz	0.00000						
3159365.104	55	Fzz	0.0000	56	Fzz	0.00000						
3159633.369	55	Fzz	0.0000	56	Fzz	0.00000						
3159915.046	55	Fzz	0.0000	56	Fzz	0.00000						
3160210.808	55	Fzz	0.0000	56	Fzz	0.00000						
3160521.358	55	Fzz	0.0000	56	Fzz	0.00000						
3160847.436	55	Fzz	0.0000	56	Fzz	0.00000						
3161189.817	55	Fzz	0.0000	56	Fzz	0.00000						
3161549.317	55	Fzz	0.0000	56	Fzz	0.00000						
3161926.793	55	Fzz	0.0000	56	Fzz	0.00000						
3162323.142	55	Fzz	0.0000	56	Fzz	0.00000						
3162739.308	55	Fzz	0.0000	56	Fzz	0.00000						
3163176.283	55	Fzz	0.0000	56	Fzz	0.00000						
3163635.107	55	Fzz	0.0000	56	Fzz	0.00000						
3164116.872	55	Fzz	0.0000	56	Fzz	0.00000						
3164622.725	55	Fzz	0.0000	56	Fzz	0.00000						
3165153.871	55	Fzz	0.0000	56	Fzz	0.00000						
3165711.574	55	Fzz	0.0000	56	Fzz	0.00000						
3166297.162	55	Fzz	0.0000	56	Fzz	0.00000						
3166912.029	55	Fzz	0.0000	56	Fzz	0.00000						
3167557.640	55	Fzz	0.0000	56	Fzz	0.00000						
3168235.532	55	Fzz	0.0000	56	Fzz	0.00000						
3168947.318	55	Fzz	0.0000	56	Fzz	0.00000						
3169694.693	55	Fzz	0.0000	56	Fzz	0.00000						
3170479.437	55	Fzz	0.0000	56	Fzz	0.00000						
3171303.419	55	Fzz	0.0000	56	Fzz	0.00000						
3172168.599	55	Fzz	0.0000	56	Fzz	0.00000						
3173077.039	55	Fzz	0.0000	56	Fzz	0.00000						
3174030.900	55	Fzz	0.0000	56	Fzz	0.00000						
3175032.455	55	Fzz	0.0000	56	Fzz	0.00000						
3176084.087	55	Fzz	0.0000	56	Fzz	0.00000						
3177188.301	55	Fzz	0.0000	56	Fzz	0.00000						
3178347.725	55	Fzz	0.0000	56	Fzz	0.00000						
3179565.121	55	Fzz	0.0000	56	Fzz	0.00000						
3180843.387	55	Fzz	0.0000	56	Fzz	0.00000						
3182185.565	55	Fzz	0.0000	56	Fzz	0.00000						
3183594.853	55	Fzz	0.0000	56	Fzz	0.00000						
3185074.605	55	Fzz	0.0000	56	Fzz	0.00000						
3186628.345	55	Fzz	0.0000	56	Fzz	0.00000						
3188259.772	55	Fzz	0.0000	56	Fzz	0.00000						
3189972.770	55	Fzz	0.0000	56	Fzz	0.00000						
3191771.418	55	Fzz	0.0000	56	Fzz	0.00000						
3193659.998	55	Fzz	0.0000	56	Fzz	0.00000						
3195643.008	55	Fzz	0.0000	56	Fzz	0.00000						
3197725.168	55	Fzz	0.0000	56	Fzz	0.00000						
3199911.436	55	Fzz	0.0000	56	Fzz	0.00000						
3202207.017	55	Fzz	0.0000	56	Fzz	0.00000						
3204617.377	55	Fzz	0.0000	56	Fzz	0.00000						
3207148.256	55	Fzz	0.0000	56	Fzz	0.00000						
3209805.678	55	Fzz	0.0000	56	Fzz	0.00000						
3212595.971	55	Fzz	0.0000	56	Fzz	0.00000						
3215525.779	55	Fzz	0.0000	56	Fzz	0.00000						
3218602.078	55	Fzz	0.0000	56	Fzz	0.00000						
3221832.191	55	Fzz	0.0000	56	Fzz	0.00000						
3225223.810	55	Fzz	0.0000	56	Fzz	0.00000						
3228785.010	55	Fzz	0.0000	56	Fzz	0.00000						
3232524.270	55	Fzz	0.0000	56	Fzz	0.00000						
3236450.493	55	Fzz	0.0000	56	Fzz	0.00000						
3240573.027	55	Fzz	0.0000	56	Fzz	0.00000						
3244901.688	55	Fzz	0.0000	56	Fzz	0.00000						
3249446.782	55	Fzz	0.0000	56	Fzz	0.00000						
3254219.131	55	Fzz	0.0000	56	Fzz	0.00000						
3259230.097	55	Fzz	0.0000	56	Fzz	0.00000						
3264491.611	55	Fzz	0.0000	56	Fzz	0.00000						
3270016.201	55	Fzz	0.0000	56	Fzz	0.00000						
3275817.021	55	Fzz	0.0000	56	Fzz	0.00000						
3281907.881	55	Fzz	0.0000	56	Fzz	0.00000						
3288303.285	55	Fzz	0.0000	56	Fzz	0.00000						
3295018.459	55	Fzz	0.0000	56	Fzz	0.00000						
3302069.391	55	Fzz	0.0000	56	Fzz	0.00000						
3309472.870	55	Fzz	0.0000	56	Fzz	0.00000						
3317246.523	55	Fzz	0.0000	56	Fzz	0.00000						
3325408.859	55	Fzz	0.0000	56	Fzz	0.00000						
3333979.311	55	Fzz	0.0000	56	Fzz	0.00000						
3342978.286	55	Fzz	0.0000	56	Fzz	0.00000						
3352427.210	55	Fzz	0.0000	56	Fzz	0.00000						
3362348.580	55	Fzz	0.0000	56	Fzz	0.00000						
3372766.019	55	Fzz	0.0000	56	Fzz	0.00000						
3383704.329	55	Fzz	0.0000	56	Fzz	0.00000						
3395189.555	55	Fzz	0.0000	56	Fzz	0.00000						
3407249.042	55	Fzz	0.0000	56	Fzz	0.00000						
3419911.504	55	Fzz	0.0000	56	Fzz	0.00000						
3433207.089	55	Fzz	0.0000	56	Fzz	0.00000						
3447167.452	55	Fzz	0.0000	56	Fzz	0.00000						
3461825.835	55	Fzz	0.0000	56	Fzz	0.00000						
3477217.136	55	Fzz	0.0000	56	Fzz	0.00000						
3493378.002	55	Fzz	0.0000	56	Fzz	0.00000						
3510346.912	55	Fzz	0.0000	56	Fzz	0.00000						
3528164.267	55	Fzz	0.0000	56	Fzz	0.00000						
3546872.490	55	Fzz	0.0000	56	Fzz	0.00000						
3566516.124	55	Fzz	0.0000	56	Fzz	0.00000						
3587141.939	55	Fzz	0.0000	56	Fzz	0.00000						
3608799.046	55	Fzz	0.0000	56	Fzz	0.00000						
3631539.008	55	Fzz	0.0000	56	Fzz	0.00000						
3655415.967	55	Fzz	0.0000	56	Fzz	0.00000						
3680486.775	55	Fzz	0.0000	56	Fzz	0.00000						
3706811.124	55	Fzz	0.0000	56	Fzz	0.00000						
3734451.689	55	Fzz	0.0000	56	Fzz	0.00000						
3763474.283	55	Fzz	0.0000	56	Fzz	0.00000						
3793948.007	55	Fzz	0.0000	56	Fzz	0.00000						
3825945.417	55	Fzz	0.0000	56	Fzz	0.00000						
3859542.697	55	Fzz	0.0000	56	Fzz	0.00000						
3894819.841	55	Fzz	0.0000	56	Fzz	0.00000						
3931860.843	55	Fzz	0.0000	56	Fzz	0.00000						
3970753.895	55	Fzz	0.0000	56	Fzz	0.00000						
4011591.599	55	Fzz	0.0000	56	Fzz	0.00000						
4054471.188	55	Fzz	0.0000	56	Fzz	0.00000						
4099494.757	55	Fzz	0.0000	56	Fzz	0.00000						
4154000.000	55	T	10.00	56	T	10.00	1	T	10	2	T	10
4154010.000	55	T	10.10	56	T	10.10	1	T	10.1	2	T	10.1
4154020.000	55	T	10.20	56	T	10.20	1	T	10.2	2	T	10.2
4154030.000	55	T	10.30	56	T	10.30	1	T	10.3	2	T	10.3
4154040.000	55	T	10.40	56	T	10.40	1	T	10.4	2	T	10.4
4154050.000	55	T	10.50	56	T	10.50	1	T	10.5	2	T	10.5
4154060.000	55	T	10.60	56	T	10.60	1	T	10.6	2	T	10.6
4154070.000	55	T	10.70	56	T	10.70	1	T	10.7	2	T	10.7
4154080.000	55	T	10.80	56	T	10.80	1	T	10.8	2	T	10.8
4154090.000	55	T	10.90	56	T	10.90	1	T	10.9	2	T	10.9
4154100.000	55	T	11.00	56	T	11.00	1	T	11	2	T	11
4154110.000	55	T	11.10	56	T	11.10	1	T	11.1	2	T	11.1
4154120.000	55	T	11.20	56	T	11.20	1	T	11.2	2	T	11.2
4154130.000	55	T	11.30	56	T	11.30	1	T	11.3	2	T	11.3
4154140.000	55	T	11.40	56	T	11.40	1	T	11.4	2	T	11.4
4154150.000	55	T	11.50	56	T	11.50	1	T	11.5	2	T	11.5
4154160.000	55	T	11.60	56	T	11.60	1	T	11.6	2	T	11.6
4154170.000	55	T	11.70	56	T	11.70	1	T	11.7	2	T	11.7
4154180.000	55	T	11.80	56	T	11.80	1	T	11.8	2	T	11.8
4154190.000	55	T	11.90	56	T	11.90	1	T	11.9	2	T	11.9
4154200.000	55	T	12.00	56	T	12.00	1	T	12	2	T	12
4154210.000	55	T	12.10	56	T	12.10	1	T	12.1	2	T	12.1
4154220.000	55	T	12.20	56	T	12.20	1	T	12.2	2	T	12.2
4154230.000	55	T	12.30	56	T	12.30	1	T	12.3	2	T	12.3
4154240.000	55	T	12.40	56	T	12.40	1	T	12.4	2	T	12.4
4154250.000	55	T	12.50	56	T	12.50	1	T	12.5	2	T	12.5
4154260.000	55	T	12.60	56	T	12.60	1	T	12.6	2	T	12.6
4154270.000	55	T	12.70	56	T	12.70	1	T	12.7	2	T	12.7
4154280.000	55	T	12.80	56	T	12.80	1	T	12.8	2	T	12.8
4154290.000	55	T	12.90	56	T	12.90	1	T	12.9	2	T	12.9
4154300.000	55	T	13.00	56	T	13.00	1	T	13	2	T	13
4154310.000	55	T	13.10	56	T	13.10	1	T	13.1	2	T	13.1
4154320.000	55	T	13.20	56	T	13.20	1	T	13.2	2	T	13.2
4154330.000	55	T	13.30	56	T	13.30	1	T	13.3	2	T	13.3
4154340.000	55	T	13.40	56	T	13.40	1	T	13.4	2	T	13.4
4154350.000	55	T	13.50	56	T	13.50	1	T	13.5	2	T	13.5
4154360.000	55	T	13.60	56	T	13.60	1	T	13.6	2	T	13.6
4154370.000	55	T	13.70	56	T	13.70	1	T	13.7	2	T	13.7
4154380.000	55	T	13.80	56	T	13.80	1	T	13.8	2	T	13.8
4154390.000	55	T	13.90	56	T	13.90	1	T	13.9	2	T	13.9
4154400.000	55	T	14.00	56	T	14.00	1	T	14	2	T	14
4154410.000	55	T	14.10	56	T	14.10	1	T	14.1	2	T	14.1
4154420.000	55	T	14.20	56	T	14.20	1	T	14.2	2	T	14.2
4154430.000	55	T	14.30	56	T	14.30	1	T	14.3	2	T	14.3
4154440.000	55	T	14.40	56	T	14.40	1	T	14.4	2	T	14.4
4154450.000	55	T	14.50	56	T	14.50	1	T	14.5	2	T	14.5
4154460.000	55	T	14.60	56	T	14.60	1	T	14.6	2	T	14.6
4154470.000	55	T	14.70	56	T	14.70	1	T	14.7	2	T	14.7
4154480.000	55	T	14.80	56	T	14.80	1	T	14.8	2	T	14.8
4154490.000	55	T	14.90	56	T	14.90	1	T	14.9	2	T	14.9
4154500.000	55	T	15.00	56	T	15.00	1	T	15	2	T	15
4154510.000	55	T	15.10	56	T	15.10	1	T	15.1	2	T	15.1
4154520.000	55	T	15.20	56	T	15.20	1	T	15.2	2	T	15.2
4154530.000	55	T	15.30	56	T	15.30	1	T	15.3	2	T	15.3
4154540.000	55	T	15.40	56	T	15.40	1	T	15.4	2	T	15.4
4154550.000	55	T	15.50	56	T	15.50	1	T	15.5	2	T	15.5
4154560.000	55	T	15.60	56	T	15.60	1	T	15.6	2	T	15.6
4154570.000	55	T	15.70	56	T	15.70	1	T	15.7	2	T	15.7
4154580.000	55	T	15.80	56	T	15.80	1	T	15.8	2	T	15.8
4154590.000	55	T	15.90	56	T	15.90	1	T	15.9	2	T	15.9
4154600.000	55	T	16.00	56	T	16.00	1	T	16	2	T	16
4154610.000	55	T	16.10	56	T	16.10	1	T	16.1	2	T	16.1
4154620.000	55	T	16.20	56	T	16.20	1	T	16.2	2	T	16.2
4154630.000	55	T	16.30	56	T	16.30	1	T	16.3	2	T	16.3
4154640.000	55	T	16.40	56	T	16.40	1	T	16.4	2	T	16.4
4154650.000	55	T	16.50	56	T	16.50	1	T	16.5	2	T	16.5
4154660.000	55	T	16.60	56	T	16.60	1	T	16.6	2	T	16.6
4154670.000	55	T	16.70	56	T	16.70	1	T	16.7	2	T	16.7
4154680.000	55	T	16.80	56	T	16.80	1	T	16.8	2	T	16.8
4154690.000	55	T	16.90	56	T	16.90	1	T	16.9	2	T	16.9
4154700.000	55	T	17.00	56	T	17.00	1	T	17	2	T	17
4154710.000	55	T	17.10	56	T	17.10	1	T	17.1	2	T	17.1
4154720.000	55	T	17.20	56	T	17.20	1	T	17.2	2	T	17.2
4154730.000	55	T	17.30	56	T	17.30	1	T	17.3	2	T	17.3
4154740.000	55	T	17.40	56	T	17.40	1	T	17.4	2	T	17.4
4154750.000	55	T	17.50	56	T	17.50	1	T	17.5	2	T	17.5
4154760.000	55	T	17.60	56	T	17.60	1	T	17.6	2	T	17.6
4154770.000	55	T	17.70	56	T	17.70	1	T	17.7	2	T	17.7
4154780.000	55	T	17.80	56	T	17.80	1	T	17.8	2	T	17.8
4154790.000	55	T	17.90	56	T	17.90	1	T	17.9	2	T	17.9
4154800.000	55	T	18.00	56	T	18.00	1	T	18	2	T	18
4154810.000	55	T	18.10	56	T	18.10	1	T	18.1	2	T	18.1
4154820.000	55	T	18.20	56	T	18.20	1	T	18.2	2	T	18.2
4154830.000	55	T	18.30	56	T	18.30	1	T	18.3	2	T	18.3
4154840.000	55	T	18.40	56	T	18.40	1	T	18.4	2	T	18.4
4154850.000	55	T	18.50	56	T	18.50	1	T	18.5	2	T	18.5
4154860.000	55	T	18.60	56	T	18.60	1	T	18.6	2	T	18.6
4154870.000	55	T	18.70	56	T	18.70	1	T	18.7	2	T	18.7
4154880.000	55	T	18.80	56	T	18.80	1	T	18.8	2	T	18.8
4154890.000	55	T	18.90	56	T	18.90	1	T	18.9	2	T	18.9
4154900.000	55	T	19.00	56	T	19.00	1	T	19	2	T	19
4154910.000	55	T	19.10	56	T	19.10	1	T	19.1	2	T	19.1
4154920.000	55	T	19.20	56	T	19.20	1	T	19.2	2	T	19.2
4154930.000	55	T	19.30	56	T	19.30	1	T	19.3	2	T	19.3
4154940.000	55	T	19.40	56	T	19.40	1	T	19.4	2	T	19.4
4154950.000	55	T	19.50	56	T	19.50	1	T	19.5	2	T	19.5
4154960.000	55	T	19.60	56	T	19.60	1	T	19.6	2	T	19.6
4154970.000	55	T	19.70	56	T	19.70	1	T	19.7	2	T	19.7
4154980.000	55	T	19.80	56	T	19.80	1	T	19.8	2	T	19.8
4154990.000	55	T	19.90	56	T	19.90	1	T	19.9	2	T	19.9
4155000.000	55	T	20.00	56	T	20.00	1	T	20	2	T	20
4155012.000	55	T	20.00	56	T	20.00	1	T	20	2	T	20
4155026.400	55	T	20.00	56	T	20.00	1	T	20	2	T	20
4155043.680	55	T	20.00	56	T	20.00	1	T	20	2	T	20
4155064.416	55	T	20.00	56	T	20.00	1	T	20	2	T	20
4155089.299	55	T	20.00	56	T	20.00	1	T	20	2	T	20
4155119.159	55	T	20.00	56	T	20.00	1	T	20	2	T	20
4155154.991	55	T	20.00	56	T	20.00	1	T	20	2	T	20
4155197.989	55	T	20.00	56	T	20.00	1	T	20	2	T	20
4155249.587	55	T	20.00	56	T	20.00	1	T	20	2	T	20
4155311.504	55	T	20.00	56	T	20.00	1	T	20	2	T	20
4155385.805	55	T	20.00	56	T	20.00	1	T	20	2	T	20
4155474.966	55	T	20.00	56	T	20.00	1	T	20	2	T	20
4155581.959	55	T	20.00	56	T	20.00	1	T	20	2	T	20
4155710.351	55	T	20.00	56	T	20.00	1	T	20	2	T	20
4155864.421	55	T	20.00	56	T	20.00	1	T	20	2	T	20
4156049.306	55	T	20.00	56	T	20.00	1	T	20	2	T	20
4156271.167	55	T	20.00	56	T	20.00	1	T	20	2	T	20
4156537.400	55	T	20.00	56	T	20.00	1	T	20	2	T	20
4156856.880	55	T	20.00	56	T	20.00	1	T	20	2	T	20
4157240.256	55	T	20.00	56	T	20.00	1	T	20	2	T	20
4157700.307	55	T	20.00	56	T	20.00	1	T	20	2	T	20
4158252.369	55	T	20.00	56	T	20.00	1	T	20	2	T	20
4158914.842	55	T	20.00	56	T	20.00	1	T	20	2	T	20
4159709.811	55	T	20.00	56	T	20.00	1	T	20	2	T	20
4160663.773	55	T	20.00	56	T	20.00	1	T	20	2	T	20
4161808.528	55	T	20.00	56	T	20.00	1	T	20	2	T	20
4163182.233	55	T	20.00	56	T	20.00	1	T	20	2	T	20
4164830.680	55	T	20.00	56	T	20.00	1	T	20	2	T	20
4166808.816	55	T	20.00	56	T	20.00	1	T	20	2	T	20
4169182.579	55	T	20.00	56	T	20.00	1	T	20	2	T	20
4172031.095	55	T	20.00	56	T	20.00	1	T	20	2	T	20
4175449.314	55	T	20.00	56	T	20.00	1	T	20	2	T	20
4179551.176	55	T	20.00	56	T	20.00	1	T	20	2	T	20
4184473.411	55	T	20.00	56	T	20.00	1	T	20	2	T	20
4190380.094	55	T	20.00	56	T	20.00	1	T	20	2	T	20
4197468.112	55	T	20.00	56	T	20.00	1	T	20	2	T	20
4205973.735	55	T	20.00	56	T	20.00	1	T	20	2	T	20
4216180.482	55	T	20.00	56	T	20.00	1	T	20	2	T	20
4228428.578	55	T	20.00	56	T	20.00	1	T	20	2	T	20
4243126.294	55	T	20.00	56	T	20.00	1	T	20	2	T	20
4260763.553	55	T	20.00	56	T	20.00	1	T	20	2	T	20
4281928.263	55	T	20.00	56	T	20.00	1	T	20	2	T	20
4307325.916	55	T	20.00	56	T	20.00	1	T	20	2	T	20
4337803.099	55	T	20.00	56	T	20.00	1	T	20	2	T	20
4374375.719	55	T	20.00	56	T	20.00	1	T	20	2	T	20
4418262.863	55	T	20.00	56	T	20.00	1	T	20	2	T	20
4470927.436	55	T	20.00	56	T	20.00	1	T	20	2	T	20
4534124.923	55	T	20.00	56	T	20.00	1	T	20	2	T	20
4609961.907	55	T	20.00	56	T	20.00	1	T	20	2	T	20
4700966.289	55	T	20.00	56	T	20.00	1	T	20	2	T	20
4810171.547	55	T	20.00	56	T	20.00	1	T	20	2	T	20
4941217.856	55	T	20.00	56	T	20.00	1	T	20	2	T	20
5098473.427	55	T	20.00	56	T	20.00	1	T	20	2	T	20
5154000.000	55	T	20.00	56	T	20.00	1	T	20	2	T	20
5154010.000	55	T	20.10	56	T	20.10	1	T	20.1	2	T	20.1
5154020.000	55	T	20.20	56	T	20.20	1	T	20.2	2	T	20.2
5154030.000	55	T	20.30	56	T	20.30	1	T	20.3	2	T	20.3
5154040.000	55	T	20.40	56	T	20.40	1	T	20.4	2	T	20.4
5154050.000	55	T	20.50	56	T	20.50	1	T	20.5	2	T	20.5
5154060.000	55	T	20.60	56	T	20.60	1	T	20.6	2	T	20.6
5154070.000	55	T	20.70	56	T	20.70	1	T	20.7	2	T	20.7
5154080.000	55	T	20.80	56	T	20.80	1	T	20.8	2	T	20.8
5154090.000	55	T	20.90	56	T	20.90	1	T	20.9	2	T	20.9
5154100.000	55	T	21.00	56	T	21.00	1	T	21	2	T	21
5154110.000	55	T	21.10	56	T	21.10	1	T	21.1	2	T	21.1
5154120.000	55	T	21.20	56	T	21.20	1	T	21.2	2	T	21.2
5154130.000	55	T	21.30	56	T	21.30	1	T	21.3	2	T	21.3
5154140.000	55	T	21.40	56	T	21.40	1	T	21.4	2	T	21.4
5154150.000	55	T	21.50	56	T	21.50	1	T	21.5	2	T	21.5
5154160.000	55	T	21.60	56	T	21.60	1	T	21.6	2	T	21.6
5154170.000	55	T	21.70	56	T	21.70	1	T	21.7	2	T	21.7
5154180.000	55	T	21.80	56	T	21.80	1	T	21.8	2	T	21.8
5154190.000	55	T	21.90	56	T	21.90	1	T	21.9	2	T	21.9
5154200.000	55	T	22.00	56	T	22.00	1	T	22	2	T	22
5154210.000	55	T	22.10	56	T	22.10	1	T	22.1	2	T	22.1
5154220.000	55	T	22.20	56	T	22.20	1	T	22.2	2	T	22.2
5154230.000	55	T	22.30	56	T	22.30	1	T	22.3	2	T	22.3
5154240.000	55	T	22.40	56	T	22.40	1	T	22.4	2	T	22.4
5154250.000	55	T	22.50	56	T	22.50	1	T	22.5	2	T	22.5
5154260.000	55	T	22.60	56	T	22.60	1	T	22.6	2	T	22.6
5154270.000	55	T	22.70	56	T	22.70	1	T	22.7	2	T	22.7
5154280.000	55	T	22.80	56	T	22.80	1	T	22.8	2	T	22.8
5154290.000	55	T	22.90	56	T	22.90	1	T	22.9	2	T	22.9
5154300.000	55	T	23.00	56	T	23.00	1	T	23	2	T	23
5154310.000	55	T	23.10	56	T	23.10	1	T	23.1	2	T	23.1
5154320.000	55	T	23.20	56	T	23.20	1	T	23.2	2	T	23.2
5154330.000	55	T	23.30	56	T	23.30	1	T	23.3	2	T	23.3
5154340.000	55	T	23.40	56	T	23.40	1	T	23.4	2	T	23.4
5154350.000	55	T	23.50	56	T	23.50	1	T	23.5	2	T	23.5
5154360.000	55	T	23.60	56	T	23.60	1	T	23.6	2	T	23.6
5154370.000	55	T	23.70	56	T	23.70	1	T	23.7	2	T	23.7
5154380.000	55	T	23.80	56	T	23.80	1	T	23.8	2	T	23.8
5154390.000	55	T	23.90	56	T	23.90	1	T	23.9	2	T	23.9
5154400.000	55	T	24.00	56	T	24.00	1	T	24	2	T	24
5154410.000	55	T	24.10	56	T	24.10	1	T	24.1	2	T	24.1
5154420.000	55	T	24.20	56	T	24.20	1	T	24.2	2	T	24.2
5154430.000	55	T	24.30	56	T	24.30	1	T	24.3	2	T	24.3
5154440.000	55	T	24.40	56	T	24.40	1	T	24.4	2	T	24.4
5154450.000	55	T	24.50	56	T	24.50	1	T	24.5	2	T	24.5
5154460.000	55	T	24.60	56	T	24.60	1	T	24.6	2	T	24.6
5154470.000	55	T	24.70	56	T	24.70	1	T	24.7	2	T	24.7
5154480.000	55	T	24.80	56	T	24.80	1	T	24.8	2	T	24.8
5154490.000	55	T	24.90	56	T	24.90	1	T	24.9	2	T	24.9
5154500.000	55	T	25.00	56	T	25.00	1	T	25	2	T	25
5154510.000	55	T	25.10	56	T	25.10	1	T	25.1	2	T	25.1
5154520.000	55	T	25.20	56	T	25.20	1	T	25.2	2	T	25.2
5154530.000	55	T	25.30	56	T	25.30	1	T	25.3	2	T	25.3
5154540.000	55	T	25.40	56	T	25.40	1	T	25.4	2	T	25.4
5154550.000	55	T	25.50	56	T	25.50	1	T	25.5	2	T	25.5
5154560.000	55	T	25.60	56	T	25.60	1	T	25.6	2	T	25.6
5154570.000	55	T	25.70	56	T	25.70	1	T	25.7	2	T	25.7
5154580.000	55	T	25.80	56	T	25.80	1	T	25.8	2	T	25.8
5154590.000	55	T	25.90	56	T	25.90	1	T	25.9	2	T	25.9
5154600.000	55	T	26.00	56	T	26.00	1	T	26	2	T	26
5154610.000	55	T	26.10	56	T	26.10	1	T	26.1	2	T	26.1
5154620.000	55	T	26.20	56	T	26.20	1	T	26.2	2	T	26.2
5154630.000	55	T	26.30	56	T	26.30	1	T	26.3	2	T	26.3
5154640.000	55	T	26.40	56	T	26.40	1	T	26.4	2	T	26.4
5154650.000	55	T	26.50	56	T	26.50	1	T	26.5	2	T	26.5
5154660.000	55	T	26.60	56	T	26.60	1	T	26.6	2	T	26.6
5154670.000	55	T	26.70	56	T	26.70	1	T	26.7	2	T	26.7
5154680.000	55	T	26.80	56	T	26.80	1	T	26.8	2	T	26.8
5154690.000	55	T	26.90	56	T	26.90	1	T	26.9	2	T	26.9
5154700.000	55	T	27.00	56	T	27.00	1	T	27	2	T	27
5154710.000	55	T	27.10	56	T	27.10	1	T	27.1	2	T	27.1
5154720.000	55	T	27.20	56	T	27.20	1	T	27.2	2	T	27.2
5154730.000	55	T	27.30	56	T	27.30	1	T	27.3	2	T	27.3
5154740.000	55	T	27.40	56	T	27.40	1	T	27.4	2	T	27.4
5154750.000	55	T	27.50	56	T	27.50	1	T	27.5	2	T	27.5
5154760.000	55	T	27.60	56	T	27.60	1	T	27.6	2	T	27.6
5154770.000	55	T	27.70	56	T	27.70	1	T	27.7	2	T	27.7
5154780.000	55	T	27.80	56	T	27.80	1	T	27.8	2	T	27.8
5154790.000	55	T	27.90	56	T	27.90	1	T	27.9	2	T	27.9
5154800.000	55	T	28.00	56	T	28.00	1	T	28	2	T	28
5154810.000	55	T	28.10	56	T	28.10	1	T	28.1	2	T	28.1
5154820.000	55	T	28.20	56	T	28.20	1	T	28.2	2	T	28.2
5154830.000	55	T	28.30	56	T	28.30	1	T	28.3	2	T	28.3
5154840.000	55	T	28.40	56	T	28.40	1	T	28.4	2	T	28.4
5154850.000	55	T	28.50	56	T	28.50	1	T	28.5	2	T	28.5
5154860.000	55	T	28.60	56	T	28.60	1	T	28.6	2	T	28.6
5154870.000	55	T	28.70	56	T	28.70	1	T	28.7	2	T	28.7
5154880.000	55	T	28.80	56	T	28.80	1	T	28.8	2	T	28.8
5154890.000	55	T	28.90	56	T	28.90	1	T	28.9	2	T	28.9
5154900.000	55	T	29.00	56	T	29.00	1	T	29	2	T	29
5154910.000	55	T	29.10	56	T	29.10	1	T	29.1	2	T	29.1
5154920.000	55	T	29.20	56	T	29.20	1	T	29.2	2	T	29.2
5154930.000	55	T	29.30	56	T	29.30	1	T	29.3	2	T	29.3
5154940.000	55	T	29.40	56	T	29.40	1	T	29.4	2	T	29.4
5154950.000	55	T	29.50	56	T	29.50	1	T	29.5	2	T	29.5
5154960.000	55	T	29.60	56	T	29.60	1	T	29.6	2	T	29.6
5154970.000	55	T	29.70	56	T	29.70	1	T	29.7	2	T	29.7
5154980.000	55	T	29.80	56	T	29.80	1	T	29.8	2	T	29.8
5154990.000	55	T	29.90	56	T	29.90	1	T	29.9	2	T	29.9
5155000.000	55	T	30.00	56	T	30.00	1	T	30	2	T	30
5155010.000	55	T	30.10	56	T	30.10	1	T	30.1	2	T	30.1
5155020.000	55	T	30.20	56	T	30.20	1	T	30.2	2	T	30.2
5155030.000	55	T	30.30	56	T	30.30	1	T	30.3	2	T	30.3
5155040.000	55	T	30.40	56	T	30.40	1	T	30.4	2	T	30.4
5155050.000	55	T	30.50	56	T	30.50	1	T	30.5	2	T	30.5
5155060.000	55	T	30.60	56	T	30.60	1	T	30.6	2	T	30.6
5155070.000	55	T	30.70	56	T	30.70	1	T	30.7	2	T	30.7
5155080.000	55	T	30.80	56	T	30.80	1	T	30.8	2	T	30.8
5155090.000	55	T	30.90	56	T	30.90	1	T	30.9	2	T	30.9
5155100.000	55	T	31.00	56	T	31.00	1	T	31	2	T	31
5155110.000	55	T	31.10	56	T	31.10	1	T	31.1	2	T	31.1
5155120.000	55	T	31.20	56	T	31.20	1	T	31.2	2	T	31.2
5155130.000	55	T	31.30	56	T	31.30	1	T	31.3	2	T	31.3
5155140.000	55	T	31.40	56	T	31.40	1	T	31.4	2	T	31.4
5155150.000	55	T	31.50	56	T	31.50	1	T	31.5	2	T	31.5
5155160.000	55	T	31.60	56	T	31.60	1	T	31.6	2	T	31.6
5155170.000	55	T	31.70	56	T	31.70	1	T	31.7	2	T	31.7
5155180.000	55	T	31.80	56	T	31.80	1	T	31.8	2	T	31.8
5155190.000	55	T	31.90	56	T	31.90	1	T	31.9	2	T	31.9
5155200.000	55	T	32.00	56	T	32.00	1	T	32	2	T	32
5155210.000	55	T	32.10	56	T	32.10	1	T	32.1	2	T	32.1
5155220.000	55	T	32.20	56	T	32.20	1	T	32.2	2	T	32.2
5155230.000	55	T	32.30	56	T	32.30	1	T	32.3	2	T	32.3
5155240.000	55	T	32.40	56	T	32.40	1	T	32.4	2	T	32.4
5155250.000	55	T	32.50	56	T	32.50	1	T	32.5	2	T	32.5
5155260.000	55	T	32.60	56	T	32.60	1	T	32.6	2	T	32.6
5155270.000	55	T	32.70	56	T	32.70	1	T	32.7	2	T	32.7
5155280.000	55	T	32.80	56	T	32.80	1	T	32.8	2	T	32.8
5155290.000	55	T	32.90	56	T	32.90	1	T	32.9	2	T	32.9
5155300.000	55	T	33.00	56	T	33.00	1	T	33	2	T	33
5155310.000	55	T	33.10	56	T	33.10	1	T	33.1	2	T	33.1
5155320.000	55	T	33.20	56	T	33.20	1	T	33.2	2	T	33.2
5155330.000	55	T	33.30	56	T	33.30	1	T	33.3	2	T	33.3
5155340.000	55	T	33.40	56	T	33.40	1	T	33.4	2	T	33.4
5155350.000	55	T	33.50	56	T	33.50	1	T	33.5	2	T	33.5
5155360.000	55	T	33.60	56	T	33.60	1	T	33.6	2	T	33.6
5155370.000	55	T	33.70	56	T	33.70	1	T	33.7	2	T	33.7
5155380.000	55	T	33.80	56	T	33.80	1	T	33.8	2	T	33.8
5155390.000	55	T	33.90	56	T	33.90	1	T	33.9	2	T	33.9
5155400.000	55	T	34.00	56	T	34.00	1	T	34	2	T	34
5155410.000	55	T	34.10	56	T	34.10	1	T	34.1	2	T	34.1
5155420.000	55	T	34.20	56	T	34.20	1	T	34.2	2	T	34.2
5155430.000	55	T	34.30	56	T	34.30	1	T	34.3	2	T	34.3
5155440.000	55	T	34.40	56	T	34.40	1	T	34.4	2	T	34.4
5155450.000	55	T	34.50	56	T	34.50	1	T	34.5	2	T	34.5
5155460.000	55	T	34.60	56	T	34.60	1	T	34.6	2	T	34.6
5155470.000	55	T	34.70	56	T	34.70	1	T	34.7	2	T	34.7
5155480.000	55	T	34.80	56	T	34.80	1	T	34.8	2	T	34.8
5155490.000	55	T	34.90	56	T	34.90	1	T	34.9	2	T	34.9
5155500.000	55	T	35.00	56	T	35.00	1	T	35	2	T	35
5155510.000	55	T	35.10	56	T	35.10	1	T	35.1	2	T	35.1
5155520.000	55	T	35.20	56	T	35.20	1	T	35.2	2	T	35.2
5155530.000	55	T	35.30	56	T	35.30	1	T	35.3	2	T	35.3
5155540.000	55	T	35.40	56	T	35.40	1	T	35.4	2	T	35.4
5155550.000	55	T	35.50	56	T	35.50	1	T	35.5	2	T	35.5
5155560.000	55	T	35.60	56	T	35.60	1	T	35.6	2	T	35.6
5155570.000	55	T	35.70	56	T	35.70	1	T	35.7	2	T	35.7
5155580.000	55	T	35.80	56	T	35.80	1	T	35.8	2	T	35.8
5155590.000	55	T	35.90	56	T	35.90	1	T	35.9	2	T	35.9
5155600.000	55	T	36.00	56	T	36.00	1	T	36	2	T	36
5155610.000	55	T	36.10	56	T	36.10	1	T	36.1	2	T	36.1
5155620.000	55	T	36.20	56	T	36.20	1	T	36.2	2	T	36.2
5155630.000	55	T	36.30	56	T	36.30	1	T	36.3	2	T	36.3
5155640.000	55	T	36.40	56	T	36.40	1	T	36.4	2	T	36.4
5155650.000	55	T	36.50	56	T	36.50	1	T	36.5	2	T	36.5
5155660.000	55	T	36.60	56	T	36.60	1	T	36.6	2	T	36.6
5155670.000	55	T	36.70	56	T	36.70	1	T	36.7	2	T	36.7
5155680.000	55	T	36.80	56	T	36.80	1	T	36.8	2	T	36.8
5155690.000	55	T	36.90	56	T	36.90	1	T	36.9	2	T	36.9
5155700.000	55	T	37.00	56	T	37.00	1	T	37	2	T	37
5155710.000	55	T	37.10	56	T	37.10	1	T	37.1	2	T	37.1
5155720.000	55	T	37.20	56	T	37.20	1	T	37.2	2	T	37.2
5155730.000	55	T	37.30	56	T	37.30	1	T	37.3	2	T	37.3
5155740.000	55	T	37.40	56	T	37.40	1	T	37.4	2	T	37.4
5155750.000	55	T	37.50	56	T	37.50	1	T	37.5	2	T	37.5
5155760.000	55	T	37.60	56	T	37.60	1	T	37.6	2	T	37.6
5155770.000	55	T	37.70	56	T	37.70	1	T	37.7	2	T	37.7
5155780.000	55	T	37.80	56	T	37.80	1	T	37.8	2	T	37.8
5155790.000	55	T	37.90	56	T	37.90	1	T	37.9	2	T	37.9
5155800.000	55	T	38.00	56	T	38.00	1	T	38	2	T	38
5155810.000	55	T	38.10	56	T	38.10	1	T	38.1	2	T	38.1
5155820.000	55	T	38.20	56	T	38.20	1	T	38.2	2	T	38.2
5155830.000	55	T	38.30	56	T	38.30	1	T	38.3	2	T	38.3
5155840.000	55	T	38.40	56	T	38.40	1	T	38.4	2	T	38.4
5155850.000	55	T	38.50	56	T	38.50	1	T	38.5	2	T	38.5
5155860.000	55	T	38.60	56	T	38.60	1	T	38.6	2	T	38.6
5155870.000	55	T	38.70	56	T	38.70	1	T	38.7	2	T	38.7
5155880.000	55	T	38.80	56	T	38.80	1	T	38.8	2	T	38.8
5155890.000	55	T	38.90	56	T	38.90	1	T	38.9	2	T	38.9
5155900.000	55	T	39.00	56	T	39.00	1	T	39	2	T	39
5155910.000	55	T	39.10	56	T	39.10	1	T	39.1	2	T	39.1
5155920.000	55	T	39.20	56	T	39.20	1	T	39.2	2	T	39.2
5155930.000	55	T	39.30	56	T	39.30	1	T	39.3	2	T	39.3
5155940.000	55	T	39.40	56	T	39.40	1	T	39.4	2	T	39.4
5155950.000	55	T	39.50	56	T	39.50	1	T	39.5	2	T	39.5
5155960.000	55	T	39.60	56	T	39.60	1	T	39.6	2	T	39.6
5155970.000	55	T	39.70	56	T	39.70	1	T	39.7	2	T	39.7
5155980.000	55	T	39.80	56	T	39.80	1	T	39.8	2	T	39.8
5155990.000	55	T	39.90	56	T	39.90	1	T	39.9	2	T	39.9
5156000.000	55	T	40.00	56	T	40.00	1	T	40	2	T	40
5156010.000	55	T	40.10	56	T	40.10	1	T	40.1	2	T	40.1
5156020.000	55	T	40.20	56	T	40.20	1	T	40.2	2	T	40.2
5156030.000	55	T	40.30	56	T	40.30	1	T	40.3	2	T	40.3
5156040.000	55	T	40.40	56	T	40.40	1	T	40.4	2	T	40.4
5156050.000	55	T	40.50	56	T	40.50	1	T	40.5	2	T	40.5
5156060.000	55	T	40.60	56	T	40.60	1	T	40.6	2	T	40.6
5156070.000	55	T	40.70	56	T	40.70	1	T	40.7	2	T	40.7
5156080.000	55	T	40.80	56	T	40.80	1	T	40.8	2	T	40.8
5156090.000	55	T	40.90	56	T	40.90	1	T	40.9	2	T	40.9
5156100.000	55	T	41.00	56	T	41.00	1	T	41	2	T	41
5156110.000	55	T	41.10	56	T	41.10	1	T	41.1	2	T	41.1
5156120.000	55	T	41.20	56	T	41.20	1	T	41.2	2	T	41.2
5156130.000	55	T	41.30	56	T	41.30	1	T	41.3	2	T	41.3
5156140.000	55	T	41.40	56	T	41.40	1	T	41.4	2	T	41.4
5156150.000	55	T	41.50	56	T	41.50	1	T	41.5	2	T	41.5
5156160.000	55	T	41.60	56	T	41.60	1	T	41.6	2	T	41.6
5156170.000	55	T	41.70	56	T	41.70	1	T	41.7	2	T	41.7
5156180.000	55	T	41.80	56	T	41.80	1	T	41.8	2	T	41.8
5156190.000	55	T	41.90	56	T	41.90	1	T	41.9	2	T	41.9
5156200.000	55	T	42.00	56	T	42.00	1	T	42	2	T	42
5156210.000	55	T	42.10	56	T	42.10	1	T	42.1	2	T	42.1
5156220.000	55	T	42.20	56	T	42.20	1	T	42.2	2	T	42.2
5156230.000	55	T	42.30	56	T	42.30	1	T	42.3	2	T	42.3
5156240.000	55	T	42.40	56	T	42.40	1	T	42.4	2	T	42.4
5156250.000	55	T	42.50	56	T	42.50	1	T	42.5	2	T	42.5
5156260.000	55	T	42.60	56	T	42.60	1	T	42.6	2	T	42.6
5156270.000	55	T	42.70	56	T	42.70	1	T	42.7	2	T	42.7
5156280.000	55	T	42.80	56	T	42.80	1	T	42.8	2	T	42.8
5156290.000	55	T	42.90	56	T	42.90	1	T	42.9	2	T	42.9
5156300.000	55	T	43.00	56	T	43.00	1	T	43	2	T	43
5156310.000	55	T	43.10	56	T	43.10	1	T	43.1	2	T	43.1
5156320.000	55	T	43.20	56	T	43.20	1	T	43.2	2	T	43.2
5156330.000	55	T	43.30	56	T	43.30	1	T	43.3	2	T	43.3
5156340.000	55	T	43.40	56	T	43.40	1	T	43.4	2	T	43.4
5156350.000	55	T	43.50	56	T	43.50	1	T	43.5	2	T	43.5
5156360.000	55	T	43.60	56	T	43.60	1	T	43.6	2	T	43.6
5156370.000	55	T	43.70	56	T	43.70	1	T	43.7	2	T	43.7
5156380.000	55	T	43.80	56	T	43.80	1	T	43.8	2	T	43.8
5156390.000	55	T	43.90	56	T	43.90	1	T	43.9	2	T	43.9
5156400.000	55	T	44.00	56	T	44.00	1	T	44	2	T	44
5156410.000	55	T	44.10	56	T	44.10	1	T	44.1	2	T	44.1
5156420.000	55	T	44.20	56	T	44.20	1	T	44.2	2	T	44.2
5156430.000	55	T	44.30	56	T	44.30	1	T	44.3	2	T	44.3
5156440.000	55	T	44.40	56	T	44.40	1	T	44.4	2	T	44.4
5156450.000	55	T	44.50	56	T	44.50	1	T	44.5	2	T	44.5
5156460.000	55	T	44.60	56	T	44.60	1	T	44.6	2	T	44.6
5156470.000	55	T	44.70	56	T	44.70	1	T	44.7	2	T	44.7
5156480.000	55	T	44.80	56	T	44.80	1	T	44.8	2	T	44.8
5156490.000	55	T	44.90	56	T	44.90	1	T	44.9	2	T	44.9
5156500.000	55	T	45.00	56	T	45.00	1	T	45	2	T	45
5156510.000	55	T	45.10	56	T	45.10	1	T	45.1	2	T	45.1
5156520.000	55	T	45.20	56	T	45.20	1	T	45.2	2	T	45.2
5156530.000	55	T	45.30	56	T	45.30	1	T	45.3	2	T	45.3
5156540.000	55	T	45.40	56	T	45.40	1	T	45.4	2	T	45.4
5156550.000	55	T	45.50	56	T	45.50	1	T	45.5	2	T	45.5
5156560.000	55	T	45.60	56	T	45.60	1	T	45.6	2	T	45.6
5156570.000	55	T	45.70	56	T	45.70	1	T	45.7	2	T	45.7
5156580.000	55	T	45.80	56	T	45.80	1	T	45.8	2	T	45.8
5156590.000	55	T	45.90	56	T	45.90	1	T	45.9	2	T	45.9
5156600.000	55	T	46.00	56	T	46.00	1	T	46	2	T	46
5156610.000	55	T	46.10	56	T	46.10	1	T	46.1	2	T	46.1
5156620.000	55	T	46.20	56	T	46.20	1	T	46.2	2	T	46.2
5156630.000	55	T	46.30	56	T	46.30	1	T	46.3	2	T	46.3
5156640.000	55	T	46.40	56	T	46.40	1	T	46.4	2	T	46.4
5156650.000	55	T	46.50	56	T	46.50	1	T	46.5	2	T	46.5
5156660.000	55	T	46.60	56	T	46.60	1	T	46.6	2	T	46.6
5156670.000	55	T	46.70	56	T	46.70	1	T	46.7	2	T	46.7
5156680.000	55	T	46.80	56	T	46.80	1	T	46.8	2	T	46.8
5156690.000	55	T	46.90	56	T	46.90	1	T	46.9	2	T	46.9
5156700.000	55	T	47.00	56	T	47.00	1	T	47	2	T	47
5156710.000	55	T	47.10	56	T	47.10	1	T	47.1	2	T	47.1
5156720.000	55	T	47.20	56	T	47.20	1	T	47.2	2	T	47.2
5156730.000	55	T	47.30	56	T	47.30	1	T	47.3	2	T	47.3
5156740.000	55	T	47.40	56	T	47.40	1	T	47.4	2	T	47.4
5156750.000	55	T	47.50	56	T	47.50	1	T	47.5	2	T	47.5
5156760.000	55	T	47.60	56	T	47.60	1	T	47.6	2	T	47.6
5156770.000	55	T	47.70	56	T	47.70	1	T	47.7	2	T	47.7
5156780.000	55	T	47.80	56	T	47.80	1	T	47.8	2	T	47.8
5156790.000	55	T	47.90	56	T	47.90	1	T	47.9	2	T	47.9
5156800.000	55	T	48.00	56	T	48.00	1	T	48	2	T	48
5156810.000	55	T	48.10	56	T	48.10	1	T	48.1	2	T	48.1
5156820.000	55	T	48.20	56	T	48.20	1	T	48.2	2	T	48.2
5156830.000	55	T	48.30	56	T	48.30	1	T	48.3	2	T	48.3
5156840.000	55	T	48.40	56	T	48.40	1	T	48.4	2	T	48.4
5156850.000	55	T	48.50	56	T	48.50	1	T	48.5	2	T	48.5
5156860.000	55	T	48.60	56	T	48.60	1	T	48.6	2	T	48.6
5156870.000	55	T	48.70	56	T	48.70	1	T	48.7	2	T	48.7
5156880.000	55	T	48.80	56	T	48.80	1	T	48.8	2	T	48.8
5156890.000	55	T	48.90	56	T	48.90	1	T	48.9	2	T	48.9
5156900.000	55	T	49.00	56	T	49.00	1	T	49	2	T	49
5156910.000	55	T	49.10	56	T	49.10	1	T	49.1	2	T	49.1
5156920.000	55	T	49.20	56	T	49.20	1	T	49.2	2	T	49.2
5156930.000	55	T	49.30	56	T	49.30	1	T	49.3	2	T	49.3
5156940.000	55	T	49.40	56	T	49.40	1	T	49.4	2	T	49.4
5156950.000	55	T	49.50	56	T	49.50	1	T	49.5	2	T	49.5
5156960.000	55	T	49.60	56	T	49.60	1	T	49.6	2	T	49.6
5156970.000	55	T	49.70	56	T	49.70	1	T	49.7	2	T	49.7
5156980.000	55	T	49.80	56	T	49.80	1	T	49.8	2	T	49.8
5156990.000	55	T	49.90	56	T	49.90	1	T	49.9	2	T	49.9
5157000.000	55	T	50.00	56	T	50.00	1	T	50	2	T	50
5157013.000	55	T	50.00	56	T	50.00	1	T	50	2	T	50
5157029.900	55	T	50.00	56	T	50.00	1	T	50	2	T	50
5157051.870	55	T	50.00	56	T	50.00	1	T	50	2	T	50
5157080.431	55	T	50.00	56	T	50.00	1	T	50	2	T	50
5157117.560	55	T	50.00	56	T	50.00	1	T	50	2	T	50
5157165.828	55	T	50.00	56	T	50.00	1	T	50	2	T	50
5157228.577	55	T	50.00	56	T	50.00	1	T	50	2	T	50
5157310.150	55	T	50.00	56	T	50.00	1	T	50	2	T	50
5157416.195	55	T	50.00	56	T	50.00	1	T	50	2	T	50
5157554.053	55	T	50.00	56	T	50.00	1	T	50	2	T	50
5157733.270	55	T	50.00	56	T	50.00	1	T	50	2	T	50
5157966.250	55	T	50.00	56	T	50.00	1	T	50	2	T	50
5158269.125	55	T	50.00	56	T	50.00	1	T	50	2	T	50
5158662.863	55	T	50.00	56	T	50.00	1	T	50	2	T	50
5159174.722	55	T	50.00	56	T	50.00	1	T	50	2	T	50
5159840.139	55	T	50.00	56	T	50.00	1	T	50	2	T	50
5160705.180	55	T	50.00	56	T	50.00	1	T	50	2	T	50
5161829.734	55	T	50.00	56	T	50.00	1	T	50	2	T	50
5163291.655	55	T	50.00	56	T	50.00	1	T	50	2	T	50
5165192.151	55	T	50.00	56	T	50.00	1	T	50	2	T	50
5167662.796	55	T	50.00	56	T	50.00	1	T	50	2	T	50
5170874.635	55	T	50.00	56	T	50.00	1	T	50	2	T	50
5175050.026	55	T	50.00	56	T	50.00	1	T	50	2	T	50
5180478.033	55	T	50.00	56	T	50.00	1	T	50	2	T	50
5187534.443	55	T	50.00	56	T	50.00	1	T	50	2	T	50
5196707.776	55	T	50.00	56	T	50.00	1	T	50	2	T	50
5208633.109	55	T	50.00	56	T	50.00	1	T	50	2	T	50
5224136.042	55	T	50.00	56	T	50.00	1	T	50	2	T	50
5244289.855	55	T	50.00	56	T	50.00	1	T	50	2	T	50
5270489.811	55	T	50.00	56	T	50.00	1	T	50	2	T	50
5304549.755	55	T	50.00	56	T	50.00	1	T	50	2	T	50
5348827.681	55	T	50.00	56	T	50.00	1	T	50	2	T	50
5406388.985	55	T	50.00	56	T	50.00	1	T	50	2	T	50
5481218.681	55	T	50.00	56	T	50.00	1	T	50	2	T	50
5578497.285	55	T	50.00	56	T	50.00	1	T	50	2	T	50
5704959.471	55	T	50.00	56	T	50.00	1	T	50	2	T	50
5869360.312	55	T	50.00	56	T	50.00	1	T	50	2	T	50
6083081.405	55	T	50.00	56	T	50.00	1	T	50	2	T	50
6360918.827	55	T	50.00	56	T	50.00	1	T	50	2	T	50